gesture_name,x0,y0,x1,y1,x2,y2,x3,y3,x4,y4,x5,y5,x6,y6,x7,y7,x8,y8,x9,y9,x10,y10,x11,y11,x12,y12,x13,y13,x14,y14,x15,y15,x16,y16,x17,y17,x18,y18,x19,y19,x20,y20
one_finger_circle,0.0,0.0,-0.03196907043457031,-0.020233094692230225,-0.05088460445404053,-0.06114757061004639,-0.03378450870513916,-0.0952829122543335,-0.008417189121246338,-0.11314648389816284,-0.05432921648025513,-0.1443120241165161,-0.05779004096984863,-0.20656871795654297,-0.05694258213043213,-0.24593394994735718,-0.056363701820373535,-0.2796568274497986,-0.025649189949035645,-0.14830249547958374,-0.03022998571395874,-0.21444612741470337,-0.03315919637680054,-0.25344473123550415,-0.03592747449874878,-0.28759223222732544,0.0024570226669311523,-0.13572090864181519,-0.0025331974029541016,-0.1410999298095703,-0.01180046796798706,-0.10457992553710938,-0.016624391078948975,-0.08164560794830322,0.025401949882507324,-0.11124449968338013,0.014870703220367432,-0.10057240724563599,0.001368701457977295,-0.06825745105743408,-0.006487369537353516,-0.04832428693771362
one_finger_circle,-0.00018298625946044922,-0.0008554458618164062,-0.03244292736053467,-0.01997196674346924,-0.05151885747909546,-0.059714555740356445,-0.034979045391082764,-0.09480345249176025,-0.010322809219360352,-0.11504560708999634,-0.05500435829162598,-0.14412260055541992,-0.058732688426971436,-0.2077280879020691,-0.05834376811981201,-0.24722379446029663,-0.05812650918960571,-0.28064078092575073,-0.027323663234710693,-0.14835596084594727,-0.03202635049819946,-0.21413809061050415,-0.034936606884002686,-0.2543027997016907,-0.03757673501968384,-0.2878320515155792,-0.00015020370483398438,-0.1372736096382141,-0.003223419189453125,-0.13899165391921997,-0.01061093807220459,-0.1027764081954956,-0.015065014362335205,-0.07919526100158691,0.022588491439819336,-0.11534267663955688,0.0152091383934021,-0.10335737466812134,0.0030096769332885742,-0.07072359323501587,-0.005309760570526123,-0.04963606595993042
one_finger_circle,-0.002979755401611328,-0.0036011934280395508,-0.03543531894683838,-0.022807776927947998,-0.05517923831939697,-0.0647842288017273,-0.03776508569717407,-0.10013848543167114,-0.012893736362457275,-0.11995840072631836,-0.058193325996398926,-0.14634770154953003,-0.06150239706039429,-0.2095138430595398,-0.06096893548965454,-0.24903607368469238,-0.06041198968887329,-0.2830207943916321,-0.03019404411315918,-0.1515907645225525,-0.03429591655731201,-0.2151384949684143,-0.037296175956726074,-0.25580132007598877,-0.03964585065841675,-0.2906370759010315,-0.0027333498001098633,-0.1411271095275879,-0.006876528263092041,-0.1440575122833252,-0.014600694179534912,-0.10613089799880981,-0.018821537494659424,-0.08177447319030762,0.020077407360076904,-0.1193394660949707,0.010123610496520996,-0.10989183187484741,-0.0027971863746643066,-0.07805025577545166,-0.011148512363433838,-0.05799877643585205
one_finger_circle,-0.0037950873374938965,-0.008711755275726318,-0.03687220811843872,-0.02776503562927246,-0.05677139759063721,-0.0685541033744812,-0.04093223810195923,-0.10242056846618652,-0.017223656177520752,-0.12157398462295532,-0.05841374397277832,-0.1486089825630188,-0.06318455934524536,-0.21210628747940063,-0.06330317258834839,-0.25125157833099365,-0.06303262710571289,-0.2849588990211487,-0.030945956707000732,-0.15238118171691895,-0.036245882511138916,-0.21954387426376343,-0.03930562734603882,-0.2608197331428528,-0.041258156299591064,-0.2950577735900879,-0.0037580132484436035,-0.14115530252456665,-0.00785982608795166,-0.14503484964370728,-0.015154004096984863,-0.10680043697357178,-0.019019007682800293,-0.08112680912017822,0.018665313720703125,-0.11923986673355103,0.00914698839187622,-0.11210435628890991,-0.0024551749229431152,-0.07987648248672485,-0.00952160358428955,-0.05807757377624512
one_finger_circle,-0.005071580410003662,-0.0090370774269104,-0.037782907485961914,-0.029169678688049316,-0.05749857425689697,-0.07084232568740845,-0.041900455951690674,-0.10510790348052979,-0.018514037132263184,-0.12522000074386597,-0.06070876121520996,-0.1516384482383728,-0.06567716598510742,-0.21320348978042603,-0.06586271524429321,-0.2515929937362671,-0.06616753339767456,-0.28450632095336914,-0.033626437187194824,-0.15686661005020142,-0.03881490230560303,-0.2219446301460266,-0.042513370513916016,-0.2628212869167328,-0.045685648918151855,-0.2961829900741577,-0.007090747356414795,-0.1464921236038208,-0.01398247480392456,-0.1536129117012024,-0.019695401191711426,-0.11823320388793945,-0.021736204624176025,-0.09296268224716187,0.015032052993774414,-0.1253124475479126,0.003961920738220215,-0.11917275190353394,-0.006838500499725342,-0.08717823028564453,-0.012822628021240234,-0.06414538621902466
one_finger_circle,-0.0060307979583740234,-0.010558843612670898,-0.03907179832458496,-0.02881401777267456,-0.06003153324127197,-0.06950885057449341,-0.04554116725921631,-0.10495609045028687,-0.02219337224960327,-0.1250353455543518,-0.06279832124710083,-0.1507861614227295,-0.06810241937637329,-0.21221035718917847,-0.06915140151977539,-0.25040531158447266,-0.07023942470550537,-0.2829931974411011,-0.03576529026031494,-0.15709686279296875,-0.04303330183029175,-0.22368162870407104,-0.04806399345397949,-0.2636544704437256,-0.052358150482177734,-0.29635190963745117,-0.008409738540649414,-0.1475638747215271,-0.01661372184753418,-0.15439170598983765,-0.02280128002166748,-0.11788034439086914,-0.024925053119659424,-0.09218806028366089,0.014390110969543457,-0.12646907567977905,0.001171886920928955,-0.11956614255905151,-0.010213136672973633,-0.08728623390197754,-0.01604980230331421,-0.06451815366744995
one_finger_circle,-0.007179379463195801,-0.010519802570343018,-0.04017144441604614,-0.029680728912353516,-0.06123584508895874,-0.0725545883178711,-0.04620605707168579,-0.10611653327941895,-0.021394312381744385,-0.1235816478729248,-0.06415528059005737,-0.149508535861969,-0.07060390710830688,-0.21251779794692993,-0.07248270511627197,-0.2511523365974426,-0.07404422760009766,-0.2840689420700073,-0.03662461042404175,-0.1561528444290161,-0.044403135776519775,-0.22145086526870728,-0.0501551628112793,-0.2620227336883545,-0.054940104484558105,-0.2954954504966736,-0.009213507175445557,-0.14669150114059448,-0.017182230949401855,-0.15333503484725952,-0.023788094520568848,-0.11893278360366821,-0.026456058025360107,-0.09503090381622314,0.01307690143585205,-0.1260852813720703,-0.0004221200942993164,-0.11609548330307007,-0.01285552978515625,-0.08502346277236938,-0.019554615020751953,-0.0635954737663269
one_finger_circle,-0.007897257804870605,-0.009053647518157959,-0.04264563322067261,-0.026961803436279297,-0.06592065095901489,-0.06617605686187744,-0.05220139026641846,-0.0992775559425354,-0.028931617736816406,-0.11845695972442627,-0.06782132387161255,-0.14790093898773193,-0.07658392190933228,-0.20880216360092163,-0.07960814237594604,-0.24734282493591309,-0.08138477802276611,-0.2801578640937805,-0.04005885124206543,-0.15597951412200928,-0.04988729953765869,-0.21945041418075562,-0.05707967281341553,-0.2590746283531189,-0.06236904859542847,-0.2918509542942047,-0.012424468994140625,-0.14675945043563843,-0.023858070373535156,-0.15000003576278687,-0.03070080280303955,-0.11710506677627563,-0.031971752643585205,-0.09397745132446289,0.009854435920715332,-0.12549281120300293,-0.006718337535858154,-0.11114472150802612,-0.01899886131286621,-0.08125931024551392,-0.02436244487762451,-0.060626208782196045
one_finger_circle,-0.010194003582000732,-0.0032033920288085938,-0.04525381326675415,-0.02033144235610962,-0.07079142332077026,-0.05432271957397461,-0.05910170078277588,-0.08203423023223877,-0.03666722774505615,-0.09998714923858643,-0.07102334499359131,-0.14025360345840454,-0.08273625373840332,-0.19720792770385742,-0.08969348669052124,-0.23250406980514526,-0.09522789716720581,-0.26328203082084656,-0.043258607387542725,-0.149993896484375,-0.056008100509643555,-0.20748049020767212,-0.06719076633453369,-0.24493515491485596,-0.07638722658157349,-0.27671709656715393,-0.015304207801818848,-0.14138168096542358,-0.03013920783996582,-0.13512951135635376,-0.03657031059265137,-0.101534903049469,-0.03766137361526489,-0.07943260669708252,0.0069741010665893555,-0.11987948417663574,-0.01258397102355957,-0.09526568651199341,-0.02611863613128662,-0.06575560569763184,-0.032263755798339844,-0.04714310169219971
one_finger_circle,-0.01134568452835083,0.007177233695983887,-0.04741185903549194,-0.0062844157218933105,-0.0749366283416748,-0.03550177812576294,-0.06803572177886963,-0.05528193712234497,-0.04695636034011841,-0.06991177797317505,-0.07667064666748047,-0.11937636137008667,-0.0903630256652832,-0.17150551080703735,-0.09918993711471558,-0.20389193296432495,-0.105669766664505,-0.23288321495056152,-0.0489535927772522,-0.13224589824676514,-0.0654953122138977,-0.18385916948318481,-0.08002471923828125,-0.2151203751564026,-0.09143209457397461,-0.24345022439956665,-0.02034860849380493,-0.12622016668319702,-0.04059469699859619,-0.10958361625671387,-0.046681344509124756,-0.07402229309082031,-0.04565095901489258,-0.05297893285751343,0.0010969042778015137,-0.10560476779937744,-0.023079276084899902,-0.06612658500671387,-0.033349037170410156,-0.03866356611251831,-0.034369587898254395,-0.025705814361572266
one_finger_circle,-0.008401095867156982,0.017171263694763184,-0.04526114463806152,0.007294118404388428,-0.07603806257247925,-0.013142585754394531,-0.07098114490509033,-0.02392423152923584,-0.0492439866065979,-0.03563356399536133,-0.07659804821014404,-0.09380924701690674,-0.09408491849899292,-0.13757991790771484,-0.10447576642036438,-0.1622498631477356,-0.11354511976242065,-0.18470603227615356,-0.0496596097946167,-0.1086621880531311,-0.06698018312454224,-0.14856857061386108,-0.08403360843658447,-0.16995328664779663,-0.09967976808547974,-0.19272077083587646,-0.0217096209526062,-0.10306882858276367,-0.04044872522354126,-0.07413387298583984,-0.044596731662750244,-0.04098087549209595,-0.04350161552429199,-0.029755115509033203,-0.000362396240234375,-0.0819663405418396,-0.02163773775100708,-0.036057889461517334,-0.03137671947479248,-0.013312876224517822,-0.03400146961212158,-0.008056044578552246
one_finger_circle,-0.0027106404304504395,0.025890469551086426,-0.041305720806121826,0.016460299491882324,-0.07186537981033325,-0.0025398731231689453,-0.06822586059570312,-0.009404897689819336,-0.048436760902404785,-0.013438522815704346,-0.07237851619720459,-0.08133041858673096,-0.091663658618927,-0.11658507585525513,-0.10365796089172363,-0.13648271560668945,-0.11326533555984497,-0.15550673007965088,-0.0463523268699646,-0.09464836120605469,-0.06529968976974487,-0.12662005424499512,-0.0826452374458313,-0.1444082260131836,-0.09810176491737366,-0.1652768850326538,-0.019315361976623535,-0.08768248558044434,-0.04235541820526123,-0.052611470222473145,-0.0444793701171875,-0.023332655429840088,-0.04139143228530884,-0.017179012298583984,0.0012111067771911621,-0.06452041864395142,-0.021721184253692627,-0.014418065547943115,-0.027788639068603516,0.0027055740356445312,-0.02681642770767212,-6.538629531860352e-05
one_finger_circle,0.006831824779510498,0.03447610139846802,-0.028471291065216064,0.02660733461380005,-0.05717039108276367,0.01767551898956299,-0.05550706386566162,0.025294721126556396,-0.0379636287689209,0.029497921466827393,-0.06120002269744873,-0.05791741609573364,-0.08022338151931763,-0.07905137538909912,-0.09247314929962158,-0.09122055768966675,-0.10412728786468506,-0.10411816835403442,-0.036544978618621826,-0.07035773992538452,-0.052063703536987305,-0.08694314956665039,-0.06790316104888916,-0.09463697671890259,-0.08403414487838745,-0.10284852981567383,-0.009453654289245605,-0.06293481588363647,-0.024999797344207764,-0.026143312454223633,-0.02919602394104004,0.000396728515625,-0.032439589500427246,0.009434938430786133,0.014889657497406006,-0.03961974382400513,0.0006660819053649902,0.006414353847503662,-0.005614519119262695,0.02234482765197754,-0.008732140064239502,0.023737847805023193
one_finger_circle,0.01581430435180664,0.05128079652786255,-0.01596015691757202,0.04458516836166382,-0.039909183979034424,0.040511131286621094,-0.031661033630371094,0.053237855434417725,-0.010367393493652344,0.057211995124816895,-0.02972590923309326,-0.05045419931411743,-0.04624760150909424,-0.05038785934448242,-0.059727251529693604,-0.05196821689605713,-0.07056993246078491,-0.0526394248008728,-0.005667269229888916,-0.053136348724365234,-0.025105953216552734,-0.042877137660980225,-0.040725886821746826,-0.048269808292388916,-0.053477704524993896,-0.056153059005737305,0.018321752548217773,-0.036227285861968994,-0.005740106105804443,0.019114196300506592,-0.00914090871810913,0.03242522478103638,-0.0072745680809021,0.029855847358703613,0.036831557750701904,-0.0063437819480896,0.015204906463623047,0.040986716747283936,0.010631859302520752,0.04549455642700195,0.011709749698638916,0.035021185874938965
one_finger_circle,0.01653742790222168,0.031226694583892822,-0.005652129650115967,0.04340839385986328,-0.019560635089874268,0.05341070890426636,-0.002528548240661621,0.0667678713798523,0.019553780555725098,0.07537215948104858,-0.03078901767730713,-0.019265174865722656,-0.027859270572662354,-0.030250966548919678,-0.011560618877410889,-0.025672078132629395,0.006049036979675293,-0.015125095844268799,-0.004298269748687744,-0.03213238716125488,0.01598125696182251,-0.029010415077209473,0.02327507734298706,-0.012738227844238281,0.027711987495422363,0.004393935203552246,0.021313607692718506,-0.027706503868103027,0.037422358989715576,0.007715344429016113,0.03192126750946045,0.04132354259490967,0.024105370044708252,0.0635940432548523,0.04208892583847046,-0.013258934020996094,0.05074840784072876,0.02120298147201538,0.04357802867889404,0.0444791316986084,0.03579127788543701,0.05900692939758301
one_finger_circle,0.011094748973846436,-0.015312790870666504,-0.005776941776275635,0.020744740962982178,0.005216717720031738,0.053954124450683594,0.03257495164871216,0.06715977191925049,0.06005781888961792,0.06780987977981567,0.02273327112197876,-0.015832185745239258,0.054074227809906006,-0.01757216453552246,0.07891422510147095,-0.015686094760894775,0.10032999515533447,-0.016489863395690918,0.04972463846206665,-0.027409672737121582,0.06271791458129883,0.0269431471824646,0.045214831829071045,0.04234832525253296,0.03328371047973633,0.03602796792984009,0.06533735990524292,-0.02626889944076538,0.06817770004272461,0.02852731943130493,0.05082130432128906,0.039713501930236816,0.041697561740875244,0.032755136489868164,0.07357710599899292,-0.020786046981811523,0.07416284084320068,0.026150107383728027,0.05790352821350098,0.03479969501495361,0.04903435707092285,0.03195154666900635
one_finger_circle,0.015489637851715088,0.020944535732269287,0.008171796798706055,0.004351675510406494,0.023789703845977783,-0.01171112060546875,0.05033731460571289,-0.01668637990951538,0.07238566875457764,-0.016667068004608154,0.02128225564956665,-0.01727747917175293,0.06407403945922852,-0.03044295310974121,0.09720075130462646,-0.035862863063812256,0.12271898984909058,-0.03848963975906372,0.03980457782745361,0.003494083881378174,0.07622379064559937,0.018292725086212158,0.07134336233139038,0.024822771549224854,0.05883711576461792,0.025154292583465576,0.05489152669906616,0.025289416313171387,0.08252644538879395,0.04389750957489014,0.06971228122711182,0.04597902297973633,0.05521160364151001,0.04308503866195679,0.06702649593353271,0.044685959815979004,0.08340752124786377,0.06022757291793823,0.07061558961868286,0.06053441762924194,0.05877810716629028,0.059276044368743896
one_finger_circle,0.04395437240600586,0.02257770299911499,0.03495532274246216,0.014104783535003662,0.046114563941955566,0.0074353814125061035,0.0752708911895752,0.02012348175048828,0.10079169273376465,0.027167141437530518,0.04554104804992676,-0.03663891553878784,0.08583700656890869,-0.06138014793395996,0.11708462238311768,-0.07472050189971924,0.14167726039886475,-0.08592236042022705,0.070098876953125,-0.023203551769256592,0.10803139209747314,-0.0056302547454833984,0.09655922651290894,0.013840079307556152,0.07782173156738281,0.02086883783340454,0.09026885032653809,-0.0069037675857543945,0.11743694543838501,0.009765088558197021,0.10389834642410278,0.020238220691680908,0.08773094415664673,0.02045661211013794,0.10506898164749146,0.0060097575187683105,0.1237449049949646,0.020324230194091797,0.11113005876541138,0.028552651405334473,0.0976783037185669,0.02873539924621582
one_finger_circle,0.07092505693435669,0.016046226024627686,0.05561858415603638,0.007248640060424805,0.06280344724655151,-0.010205566883087158,0.09256154298782349,-0.009082913398742676,0.11881893873214722,-0.014043450355529785,0.06920552253723145,-0.07060772180557251,0.10295844078063965,-0.09890556335449219,0.12999290227890015,-0.11742836236953735,0.15221256017684937,-0.133938729763031,0.09359705448150635,-0.06372851133346558,0.12323075532913208,-0.0438234806060791,0.11659753322601318,-0.012853741645812988,0.10826617479324341,-0.0013766884803771973,0.11291390657424927,-0.04877668619155884,0.13324034214019775,-0.020341992378234863,0.11614197492599487,0.001133263111114502,0.1015741229057312,0.001185297966003418,0.1246994137763977,-0.03254663944244385,0.13469892740249634,-0.007063806056976318,0.12186574935913086,0.008562028408050537,0.11213672161102295,0.0066481828689575195
one_finger_circle,0.08270961046218872,0.0086861252784729,0.07310634851455688,-0.004481017589569092,0.08147925138473511,-0.03287738561630249,0.11267626285552979,-0.04963570833206177,0.13746869564056396,-0.06960517168045044,0.07892006635665894,-0.12298387289047241,0.1080697774887085,-0.17227953672409058,0.13384610414505005,-0.20319336652755737,0.15575677156448364,-0.22906816005706787,0.10091477632522583,-0.1199001669883728,0.12574666738510132,-0.16982704401016235,0.15003585815429688,-0.19975990056991577,0.1721630096435547,-0.2284429669380188,0.11726880073547363,-0.10436725616455078,0.13667398691177368,-0.08551961183547974,0.12447130680084229,-0.04950743913650513,0.11189830303192139,-0.03437817096710205,0.12644422054290771,-0.0821567177772522,0.13884621858596802,-0.0660851001739502,0.12754714488983154,-0.04224526882171631,0.11343526840209961,-0.034819066524505615
one_finger_circle,0.08413124084472656,-0.003040015697479248,0.06804907321929932,-0.027584850788116455,0.0734434723854065,-0.06521552801132202,0.10785889625549316,-0.08986258506774902,0.13224327564239502,-0.1116606593132019,0.07281613349914551,-0.15228068828582764,0.09271830320358276,-0.20892786979675293,0.11232906579971313,-0.2466006875038147,0.1300017237663269,-0.27677398920059204,0.09696197509765625,-0.14581561088562012,0.1132957935333252,-0.20709776878356934,0.13399416208267212,-0.24504679441452026,0.15313094854354858,-0.2788129448890686,0.11583030223846436,-0.12383109331130981,0.12978678941726685,-0.11805665493011475,0.11736387014389038,-0.08273744583129883,0.10574942827224731,-0.06420451402664185,0.12692546844482422,-0.09389615058898926,0.13437128067016602,-0.08924216032028198,0.12254995107650757,-0.06467550992965698,0.10943716764450073,-0.05200904607772827
one_finger_circle,0.08693510293960571,-0.011496901512145996,0.06621837615966797,-0.033836543560028076,0.06510651111602783,-0.06962424516677856,0.09776294231414795,-0.09799784421920776,0.1222681999206543,-0.12292307615280151,0.0629584789276123,-0.16181540489196777,0.0822262167930603,-0.22326964139938354,0.10231208801269531,-0.2639102339744568,0.1199769377708435,-0.297054648399353,0.08779621124267578,-0.15853667259216309,0.10260659456253052,-0.22352755069732666,0.12183153629302979,-0.263395756483078,0.13918471336364746,-0.29989999532699585,0.10844063758850098,-0.13940411806106567,0.12374371290206909,-0.13299304246902466,0.11481690406799316,-0.09411710500717163,0.10474258661270142,-0.07323139905929565,0.12209486961364746,-0.11094790697097778,0.13142389059066772,-0.1075780987739563,0.12116068601608276,-0.08011060953140259,0.10856097936630249,-0.06512027978897095
one_finger_circle,0.07273459434509277,-0.0293235182762146,0.05214732885360718,-0.054739534854888916,0.05100125074386597,-0.09649312496185303,0.07853966951370239,-0.12751853466033936,0.09955853223800659,-0.15258485078811646,0.04726743698120117,-0.18773919343948364,0.061299026012420654,-0.24991261959075928,0.07588046789169312,-0.29284629225730896,0.08865565061569214,-0.3275039494037628,0.07126361131668091,-0.18218684196472168,0.08180177211761475,-0.2501758337020874,0.09781861305236816,-0.29275986552238464,0.1120525598526001,-0.32916849851608276,0.0924990177154541,-0.16058295965194702,0.10560488700866699,-0.15596747398376465,0.09666240215301514,-0.11416131258010864,0.08723229169845581,-0.09112590551376343,0.10723763704299927,-0.1295493245124817,0.11289423704147339,-0.12736397981643677,0.10294115543365479,-0.09604722261428833,0.09182655811309814,-0.07801228761672974
one_finger_circle,0.057480692863464355,-0.038013756275177,0.034996867179870605,-0.07067734003067017,0.03471231460571289,-0.11832559108734131,0.06252330541610718,-0.1528812050819397,0.08396178483963013,-0.1728222370147705,0.025821805000305176,-0.20436465740203857,0.036862075328826904,-0.26924747228622437,0.04935610294342041,-0.3120078146457672,0.05948173999786377,-0.3463003635406494,0.051426708698272705,-0.19677948951721191,0.05838280916213989,-0.2712685465812683,0.07005834579467773,-0.3157902956008911,0.08027434349060059,-0.3504609167575836,0.07534229755401611,-0.17279261350631714,0.08617264032363892,-0.17727023363113403,0.07628011703491211,-0.13765490055084229,0.0659220814704895,-0.11460959911346436,0.09262830018997192,-0.1396389603614807,0.09649413824081421,-0.14508378505706787,0.08438730239868164,-0.11349797248840332,0.0723564624786377,-0.09302395582199097
one_finger_circle,0.047466158866882324,-0.04720008373260498,0.016832292079925537,-0.0776781439781189,0.009684085845947266,-0.1276489496231079,0.03710794448852539,-0.16358304023742676,0.06157815456390381,-0.18385273218154907,0.007311999797821045,-0.21639060974121094,0.01470339298248291,-0.2820625305175781,0.022782623767852783,-0.32494932413101196,0.028721392154693604,-0.35970431566238403,0.034850358963012695,-0.21025604009628296,0.03810161352157593,-0.2827233672142029,0.04468345642089844,-0.3271176517009735,0.05093783140182495,-0.3639049530029297,0.05988609790802002,-0.1869257092475891,0.06407701969146729,-0.19116026163101196,0.053654491901397705,-0.1516546607017517,0.04519808292388916,-0.12793636322021484,0.07913476228713989,-0.1538892388343811,0.07748758792877197,-0.15653598308563232,0.06425833702087402,-0.12477201223373413,0.05260521173477173,-0.10463821887969971
one_finger_circle,0.036643385887145996,-0.045811235904693604,0.0029165148735046387,-0.07643204927444458,-0.011548995971679688,-0.12558960914611816,0.007336795330047607,-0.1649951934814453,0.03167504072189331,-0.186970055103302,-0.012570679187774658,-0.21640866994857788,-0.01127779483795166,-0.28376632928848267,-0.006054282188415527,-0.325733482837677,-0.0015561580657958984,-0.3618459403514862,0.014719486236572266,-0.21570509672164917,0.01126408576965332,-0.2905293405056,0.01412057876586914,-0.3366140127182007,0.01761263608932495,-0.37378740310668945,0.04184919595718384,-0.19851160049438477,0.04072010517120361,-0.20288819074630737,0.03403949737548828,-0.16089224815368652,0.028992176055908203,-0.1319677233695984,0.06452339887619019,-0.1704939603805542,0.05905705690383911,-0.17359554767608643,0.04826158285140991,-0.13875830173492432,0.03945362567901611,-0.11285477876663208
one_finger_circle,0.02965378761291504,-0.04257559776306152,-0.007544755935668945,-0.07317483425140381,-0.025254011154174805,-0.1253366470336914,-0.005586504936218262,-0.1670140027999878,0.021949410438537598,-0.18930363655090332,-0.02278292179107666,-0.210796058177948,-0.02323770523071289,-0.2797412574291229,-0.020590245723724365,-0.32263877987861633,-0.016839981079101562,-0.359672874212265,0.006267189979553223,-0.21215754747390747,0.0021136999130249023,-0.2862505316734314,0.0011034607887268066,-0.3320634365081787,0.0024332404136657715,-0.3714882731437683,0.035325467586517334,-0.19681674242019653,0.028107166290283203,-0.20245027542114258,0.016885876655578613,-0.16155898571014404,0.011812925338745117,-0.13453584909439087,0.058886587619781494,-0.16961050033569336,0.04492706060409546,-0.16893309354782104,0.02973538637161255,-0.13554799556732178,0.02115797996520996,-0.1126636266708374
one_finger_circle,0.016117393970489502,-0.04708439111709595,-0.01945716142654419,-0.07116574048995972,-0.041650593280792236,-0.11716324090957642,-0.026626288890838623,-0.15552294254302979,0.00086212158203125,-0.1755974292755127,-0.04052436351776123,-0.20266205072402954,-0.046172916889190674,-0.269942045211792,-0.04786950349807739,-0.31233781576156616,-0.04804486036300659,-0.3487758934497833,-0.011848747730255127,-0.20669400691986084,-0.020120203495025635,-0.28019094467163086,-0.025217831134796143,-0.32610785961151123,-0.02765756845474243,-0.3650778830051422,0.016773700714111328,-0.19305020570755005,0.007568001747131348,-0.2059715986251831,-0.0011237263679504395,-0.16817378997802734,-0.0033809542655944824,-0.14125066995620728,0.039843201637268066,-0.16768783330917358,0.023066580295562744,-0.16485899686813354,0.009551942348480225,-0.13283640146255493,0.00447005033493042,-0.10980278253555298
one_finger_circle,0.006531476974487305,-0.042668282985687256,-0.028915226459503174,-0.06362628936767578,-0.05512434244155884,-0.10586655139923096,-0.04380476474761963,-0.14135479927062988,-0.018793761730194092,-0.1605404019355774,-0.0545920729637146,-0.1903524398803711,-0.06551992893218994,-0.2560081481933594,-0.07116425037384033,-0.29671382904052734,-0.07425743341445923,-0.3322579264640808,-0.02527320384979248,-0.19917279481887817,-0.040880024433135986,-0.26739248633384705,-0.05122345685958862,-0.3114987015724182,-0.05789405107498169,-0.34924501180648804,0.0044669508934021,-0.1896437406539917,-0.011607348918914795,-0.19308525323867798,-0.020486772060394287,-0.15653765201568604,-0.022490084171295166,-0.12970703840255737,0.02847158908843994,-0.16751408576965332,0.00598752498626709,-0.14784681797027588,-0.009122908115386963,-0.11483293771743774,-0.015013039112091064,-0.09221738576889038
one_finger_circle,0.0038517117500305176,-0.035712480545043945,-0.03437936305999756,-0.05570608377456665,-0.061730265617370605,-0.09578359127044678,-0.051301002502441406,-0.12936729192733765,-0.025902509689331055,-0.14671719074249268,-0.06094920635223389,-0.17915117740631104,-0.07467418909072876,-0.2419716715812683,-0.08322125673294067,-0.2808799147605896,-0.08901947736740112,-0.31452542543411255,-0.032474517822265625,-0.19021391868591309,-0.048422157764434814,-0.25543951988220215,-0.06000334024429321,-0.2976956367492676,-0.0681990385055542,-0.3332532048225403,-0.0033299922943115234,-0.18196123838424683,-0.02078014612197876,-0.17935222387313843,-0.027794241905212402,-0.1435146927833557,-0.028114736080169678,-0.11924231052398682,0.01923084259033203,-0.1603037714958191,-0.003057420253753662,-0.1394299864768982,-0.016137421131134033,-0.10922670364379883,-0.020165622234344482,-0.08954203128814697
one_finger_circle,0.0018055438995361328,-0.02914184331893921,-0.03615635633468628,-0.047498226165771484,-0.06147646903991699,-0.08607339859008789,-0.05046182870864868,-0.11824703216552734,-0.026954293251037598,-0.1341732144355774,-0.06187140941619873,-0.17177081108093262,-0.07610726356506348,-0.23190218210220337,-0.08495980501174927,-0.27029693126678467,-0.09091579914093018,-0.30361342430114746,-0.03321868181228638,-0.18443989753723145,-0.0508195161819458,-0.24607568979263306,-0.06255841255187988,-0.28629130125045776,-0.07100504636764526,-0.3204277753829956,-0.004068493843078613,-0.17649495601654053,-0.024344801902770996,-0.170087993144989,-0.03196072578430176,-0.135886549949646,-0.03253394365310669,-0.11351794004440308,0.018020808696746826,-0.15398192405700684,-0.0066683292388916016,-0.1259048581123352,-0.01907646656036377,-0.09639120101928711,-0.02243506908416748,-0.07860493659973145
one_finger_circle,0.002455413341522217,-0.028450489044189453,-0.03542071580886841,-0.04679590463638306,-0.06233423948287964,-0.08300131559371948,-0.05160790681838989,-0.11432749032974243,-0.027486801147460938,-0.1332072615623474,-0.06195652484893799,-0.17047792673110962,-0.07597380876541138,-0.2301909327507019,-0.08441239595413208,-0.26737117767333984,-0.09019649028778076,-0.2998397946357727,-0.033249855041503906,-0.18186599016189575,-0.049080610275268555,-0.2425519824028015,-0.0604100227355957,-0.2819427251815796,-0.06880509853363037,-0.31667429208755493,-0.0042198896408081055,-0.17321676015853882,-0.022231757640838623,-0.164439857006073,-0.029763758182525635,-0.12984055280685425,-0.030461370944976807,-0.10844212770462036,0.017939984798431396,-0.15024375915527344,-0.005173385143280029,-0.12386244535446167,-0.017793238162994385,-0.09506082534790039,-0.02150171995162964,-0.07817506790161133
one_finger_circle,0.0014017224311828613,-0.02193129062652588,-0.03453528881072998,-0.04038816690444946,-0.06148046255111694,-0.07776486873626709,-0.05057269334793091,-0.10921066999435425,-0.02604728937149048,-0.12674283981323242,-0.0608862042427063,-0.16423434019088745,-0.07413774728775024,-0.22356456518173218,-0.08176833391189575,-0.2609018087387085,-0.08718007802963257,-0.29425308108329773,-0.03131979703903198,-0.17567014694213867,-0.047315239906311035,-0.23525768518447876,-0.05843925476074219,-0.27359533309936523,-0.06696641445159912,-0.3084481358528137,-0.0016593337059020996,-0.1669774055480957,-0.02072453498840332,-0.15722507238388062,-0.02948528528213501,-0.12338662147521973,-0.030772626399993896,-0.10370808839797974,0.021074116230010986,-0.1436368227005005,-0.0026027560234069824,-0.11177045106887817,-0.015768587589263916,-0.08228182792663574,-0.019569218158721924,-0.06687754392623901
one_finger_circle,0.0035827159881591797,-0.021898627281188965,-0.03279012441635132,-0.037919700145721436,-0.06033283472061157,-0.07374757528305054,-0.049556851387023926,-0.106406569480896,-0.0247916579246521,-0.1243354082107544,-0.05975770950317383,-0.16246521472930908,-0.07241344451904297,-0.2229176163673401,-0.07930630445480347,-0.2605351209640503,-0.08455342054367065,-0.29377686977386475,-0.030479609966278076,-0.17421704530715942,-0.04556381702423096,-0.23380500078201294,-0.0562971830368042,-0.2723499536514282,-0.0649905800819397,-0.30574503540992737,-0.00107496976852417,-0.16592252254486084,-0.018350303173065186,-0.15950381755828857,-0.025802433490753174,-0.12422209978103638,-0.026908934116363525,-0.10094863176345825,0.021947503089904785,-0.14367961883544922,-0.0009516477584838867,-0.11350810527801514,-0.015018641948699951,-0.08185166120529175,-0.020438432693481445,-0.062336623668670654
one_finger_circle,0.0035949349403381348,-0.01952880620956421,-0.03334468603134155,-0.03864043951034546,-0.05931985378265381,-0.07615476846694946,-0.04705214500427246,-0.10626238584518433,-0.02283710241317749,-0.1237826943397522,-0.05787968635559082,-0.16036570072174072,-0.07041263580322266,-0.2212182879447937,-0.07707750797271729,-0.2593613862991333,-0.08191806077957153,-0.293030321598053,-0.029260635375976562,-0.17075401544570923,-0.04299592971801758,-0.23154276609420776,-0.05308222770690918,-0.2713327407836914,-0.060881197452545166,-0.3058088421821594,-0.000629723072052002,-0.16222244501113892,-0.017914950847625732,-0.15631645917892456,-0.025050103664398193,-0.12262594699859619,-0.02552056312561035,-0.10077863931655884,0.02183246612548828,-0.14039486646652222,-0.00041490793228149414,-0.11148673295974731,-0.014104008674621582,-0.08141177892684937,-0.019295215606689453,-0.06332319974899292
one_finger_circle,0.00486600399017334,-0.017529845237731934,-0.03177511692047119,-0.03607410192489624,-0.05861389636993408,-0.07327038049697876,-0.04812580347061157,-0.10536020994186401,-0.022247135639190674,-0.12152504920959473,-0.05802065134048462,-0.16052812337875366,-0.0701904296875,-0.22237956523895264,-0.07626742124557495,-0.26132339239120483,-0.08017528057098389,-0.2944754958152771,-0.029468834400177002,-0.17039507627487183,-0.042985618114471436,-0.23096823692321777,-0.052546143531799316,-0.2717830240726471,-0.05954742431640625,-0.30622783303260803,-0.00048154592514038086,-0.1610366702079773,-0.015843570232391357,-0.15625905990600586,-0.023283720016479492,-0.12322348356246948,-0.024255692958831787,-0.10062694549560547,0.022582173347473145,-0.13828229904174805,0.0003650784492492676,-0.11158192157745361,-0.014172554016113281,-0.08290594816207886,-0.020336449146270752,-0.06484860181808472
one_finger_circle,0.0049016475677490234,-0.01806098222732544,-0.03184157609939575,-0.037203848361968994,-0.05847442150115967,-0.0746886134147644,-0.046751976013183594,-0.10637956857681274,-0.020790398120880127,-0.12346184253692627,-0.057260870933532715,-0.15925699472427368,-0.06857401132583618,-0.2209758162498474,-0.0738745927810669,-0.2592989206314087,-0.07786989212036133,-0.2932044565677643,-0.028390169143676758,-0.16999995708465576,-0.04182446002960205,-0.23142558336257935,-0.05137127637863159,-0.2713007926940918,-0.05919593572616577,-0.3055630028247833,0.0007612705230712891,-0.16134768724441528,-0.014639794826507568,-0.15590131282806396,-0.022690892219543457,-0.12358361482620239,-0.0247383713722229,-0.10220503807067871,0.023484885692596436,-0.138877272605896,0.0019805431365966797,-0.11147916316986084,-0.011925458908081055,-0.08231741189956665,-0.01789724826812744,-0.06400275230407715
one_finger_circle,0.005017340183258057,-0.01976686716079712,-0.03147608041763306,-0.03846925497055054,-0.05768793821334839,-0.0759546160697937,-0.04565870761871338,-0.10619246959686279,-0.02086806297302246,-0.12457329034805298,-0.05688941478729248,-0.16052275896072388,-0.06864321231842041,-0.22190356254577637,-0.074160635471344,-0.2598971724510193,-0.07803231477737427,-0.29333657026290894,-0.028248071670532227,-0.17071932554244995,-0.040802180767059326,-0.23136109113693237,-0.05021703243255615,-0.27101513743400574,-0.05777764320373535,-0.3053402900695801,0.0005297064781188965,-0.16244632005691528,-0.014979004859924316,-0.1543141007423401,-0.021782219409942627,-0.12046170234680176,-0.022738158702850342,-0.09884047508239746,0.02315467596054077,-0.14125078916549683,0.002055048942565918,-0.11444783210754395,-0.011217892169952393,-0.0846327543258667,-0.016749083995819092,-0.06630903482437134
one_finger_circle,0.004781246185302734,-0.0166051983833313,-0.031120121479034424,-0.03469353914260864,-0.05699640512466431,-0.07273775339126587,-0.0449863076210022,-0.10459107160568237,-0.020178794860839844,-0.1228407621383667,-0.05730336904525757,-0.16018164157867432,-0.06831157207489014,-0.2208278775215149,-0.073627769947052,-0.2585602402687073,-0.07766646146774292,-0.29169684648513794,-0.028106868267059326,-0.17047691345214844,-0.04025834798812866,-0.23057609796524048,-0.04981386661529541,-0.26948145031929016,-0.05781525373458862,-0.3032788336277008,0.0009164214134216309,-0.1615620255470276,-0.014398157596588135,-0.15661472082138062,-0.0218278169631958,-0.12355858087539673,-0.02308136224746704,-0.1023639440536499,0.0233461856842041,-0.13907986879348755,0.001858055591583252,-0.11212646961212158,-0.01095348596572876,-0.08243966102600098,-0.015258729457855225,-0.0647130012512207
one_finger_circle,0.004756569862365723,-0.017870724201202393,-0.031763434410095215,-0.03714245557785034,-0.05714106559753418,-0.07519209384918213,-0.0440516471862793,-0.10598325729370117,-0.01917409896850586,-0.12352287769317627,-0.05670374631881714,-0.1609458327293396,-0.06727510690689087,-0.22135859727859497,-0.07198953628540039,-0.25919920206069946,-0.07514804601669312,-0.2923450469970703,-0.027738451957702637,-0.1704375147819519,-0.03974729776382446,-0.23141425848007202,-0.0489998459815979,-0.2708914875984192,-0.05634021759033203,-0.305034875869751,0.0014237165451049805,-0.16106778383255005,-0.013421893119812012,-0.1563889980316162,-0.021488547325134277,-0.12178915739059448,-0.02329796552658081,-0.09914183616638184,0.02424830198287964,-0.13825559616088867,0.0034845471382141113,-0.113994300365448,-0.009802520275115967,-0.08505219221115112,-0.015051603317260742,-0.06766688823699951
one_finger_circle,0.0,0.0,-0.03298109769821167,-0.019361495971679688,-0.05363267660140991,-0.06105625629425049,-0.036185383796691895,-0.09704208374023438,-0.010606706142425537,-0.11925864219665527,-0.054318010807037354,-0.15023690462112427,-0.05647623538970947,-0.21557015180587769,-0.05442696809768677,-0.25651687383651733,-0.05283653736114502,-0.2914850115776062,-0.025428593158721924,-0.15451234579086304,-0.027783453464508057,-0.22333520650863647,-0.029469728469848633,-0.265681654214859,-0.031323790550231934,-0.302162766456604,0.002216637134552002,-0.14234775304794312,-0.0018010735511779785,-0.14546501636505127,-0.010556399822235107,-0.10450023412704468,-0.015859544277191162,-0.07890933752059937,0.02559077739715576,-0.11858707666397095,0.01654738187789917,-0.10863661766052246,0.0026830434799194336,-0.07346022129058838,-0.007234692573547363,-0.05172652006149292
one_finger_circle,0.0002523064613342285,0.0003108978271484375,-0.033840954303741455,-0.018497705459594727,-0.05377548933029175,-0.059061527252197266,-0.036505937576293945,-0.09481245279312134,-0.013360381126403809,-0.11900597810745239,-0.05533570051193237,-0.15106111764907837,-0.05780184268951416,-0.21527063846588135,-0.05584752559661865,-0.25579261779785156,-0.05417877435684204,-0.2907893657684326,-0.026386260986328125,-0.15465271472930908,-0.029757022857666016,-0.22366875410079956,-0.031879425048828125,-0.2663230895996094,-0.0339166522026062,-0.301938533782959,0.0013202428817749023,-0.14150428771972656,-0.0029878616333007812,-0.15011334419250488,-0.01137089729309082,-0.10928726196289062,-0.016235411167144775,-0.08120858669281006,0.024475693702697754,-0.1168142557144165,0.015858709812164307,-0.11357223987579346,0.001560986042022705,-0.07860356569290161,-0.009077787399291992,-0.05404245853424072
one_finger_circle,0.00020694732666015625,0.001139998435974121,-0.03499162197113037,-0.017834842205047607,-0.05562138557434082,-0.05818331241607666,-0.03982049226760864,-0.09374934434890747,-0.014784753322601318,-0.11463671922683716,-0.05629509687423706,-0.15016841888427734,-0.06072133779525757,-0.21573662757873535,-0.06003093719482422,-0.2567528486251831,-0.05937618017196655,-0.29136544466018677,-0.025819063186645508,-0.15233731269836426,-0.031498849391937256,-0.22260123491287231,-0.03499460220336914,-0.26398441195487976,-0.03754621744155884,-0.2990661859512329,0.0034073591232299805,-0.1371108889579773,-0.0006973743438720703,-0.14046204090118408,-0.012602031230926514,-0.10129666328430176,-0.019556283950805664,-0.07627975940704346,0.02715057134628296,-0.1101834774017334,0.017367839813232422,-0.0945671796798706,0.0016164779663085938,-0.059981703758239746,-0.009171843528747559,-0.03839665651321411
one_finger_circle,-0.0007817745208740234,0.002542436122894287,-0.03680974245071411,-0.018390238285064697,-0.06023609638214111,-0.0599786639213562,-0.045590102672576904,-0.09201383590698242,-0.02150750160217285,-0.11093658208847046,-0.06306964159011841,-0.1424228549003601,-0.07131421566009521,-0.20637959241867065,-0.07504922151565552,-0.24613994359970093,-0.07729208469390869,-0.28035587072372437,-0.03382384777069092,-0.1505146026611328,-0.04575592279434204,-0.2162286639213562,-0.05282396078109741,-0.2580633759498596,-0.05727386474609375,-0.293269544839859,-0.0043926239013671875,-0.13984733819961548,-0.014133095741271973,-0.14585453271865845,-0.021210312843322754,-0.11171078681945801,-0.023808956146240234,-0.08665609359741211,0.01935654878616333,-0.1168331503868103,0.0016329288482666016,-0.09879559278488159,-0.012953102588653564,-0.06890803575515747,-0.0207177996635437,-0.04873543977737427
one_finger_circle,-0.0036040544509887695,0.004456996917724609,-0.039060354232788086,-0.014275908470153809,-0.06412851810455322,-0.05193823575973511,-0.05125337839126587,-0.08190476894378662,-0.028298020362854004,-0.10014760494232178,-0.06700289249420166,-0.1352682113647461,-0.07745802402496338,-0.1970376968383789,-0.08297514915466309,-0.23507589101791382,-0.08709108829498291,-0.2693736255168915,-0.037538886070251465,-0.14634835720062256,-0.051825761795043945,-0.20911383628845215,-0.060816049575805664,-0.24882271885871887,-0.0677802562713623,-0.284555584192276,-0.007537245750427246,-0.13833564519882202,-0.023327887058258057,-0.13047027587890625,-0.030371367931365967,-0.09635460376739502,-0.03197365999221802,-0.07572710514068604,0.016276657581329346,-0.11667203903198242,-0.00403749942779541,-0.08819854259490967,-0.018545210361480713,-0.05785107612609863,-0.025681912899017334,-0.040794432163238525
one_finger_circle,-0.00566786527633667,0.011106014251708984,-0.043354690074920654,-0.004007458686828613,-0.07245582342147827,-0.036448657512664795,-0.06226390600204468,-0.06067925691604614,-0.03959465026855469,-0.07644176483154297,-0.07292002439498901,-0.11960279941558838,-0.08842527866363525,-0.17482119798660278,-0.09783017635345459,-0.2085350751876831,-0.1049150824546814,-0.23924091458320618,-0.04432433843612671,-0.13338249921798706,-0.06248664855957031,-0.1883590817451477,-0.07730376720428467,-0.22196078300476074,-0.08887940645217896,-0.25262218713760376,-0.015003204345703125,-0.12704968452453613,-0.03523498773574829,-0.11363476514816284,-0.04237085580825806,-0.08011960983276367,-0.042510271072387695,-0.060088515281677246,0.007540464401245117,-0.10576403141021729,-0.01589411497116089,-0.06959778070449829,-0.028172314167022705,-0.041486501693725586,-0.03180956840515137,-0.02690225839614868
one_finger_circle,-0.004711449146270752,0.01492995023727417,-0.04374825954437256,0.0018147826194763184,-0.07495927810668945,-0.026573121547698975,-0.06819349527359009,-0.04730796813964844,-0.04497402906417847,-0.0627899169921875,-0.07712310552597046,-0.10977411270141602,-0.09371066093444824,-0.16159427165985107,-0.10433885455131531,-0.19398832321166992,-0.11279219388961792,-0.2230665683746338,-0.04891449213027954,-0.12452888488769531,-0.06769657135009766,-0.17585241794586182,-0.08429497480392456,-0.2070719599723816,-0.09777027368545532,-0.2359011173248291,-0.019152581691741943,-0.11921447515487671,-0.03706049919128418,-0.10376471281051636,-0.04372000694274902,-0.07106900215148926,-0.04371517896652222,-0.05246204137802124,0.0038170814514160156,-0.09832954406738281,-0.019469857215881348,-0.05676090717315674,-0.03049677610397339,-0.031214237213134766,-0.032924532890319824,-0.02049720287322998
one_finger_circle,-0.0018060803413391113,0.022559523582458496,-0.04145956039428711,0.013223052024841309,-0.07491099834442139,-0.0059032440185546875,-0.07719236612319946,-0.018969595432281494,-0.05558979511260986,-0.024228394031524658,-0.07743680477142334,-0.08950495719909668,-0.09879344701766968,-0.1345757246017456,-0.1118670403957367,-0.16105377674102783,-0.12165570259094238,-0.18578004837036133,-0.049788594245910645,-0.10536646842956543,-0.07264125347137451,-0.14508336782455444,-0.09343624114990234,-0.1669444441795349,-0.11165368556976318,-0.19075047969818115,-0.020694077014923096,-0.0995945930480957,-0.04638493061065674,-0.06671082973480225,-0.04831045866012573,-0.036147475242614746,-0.04351109266281128,-0.031066298484802246,-0.0001849532127380371,-0.07496064901351929,-0.027379989624023438,-0.022140443325042725,-0.031904757022857666,-0.0015718340873718262,-0.027666091918945312,-0.004026889801025391
one_finger_circle,-5.537271499633789e-05,0.02973496913909912,-0.04125165939331055,0.020141959190368652,-0.07500326633453369,0.0047231316566467285,-0.07778465747833252,-0.00407487154006958,-0.05674093961715698,-0.009650468826293945,-0.07929348945617676,-0.07940506935119629,-0.10050484538078308,-0.11945980787277222,-0.11505785584449768,-0.141953706741333,-0.12706345319747925,-0.16268575191497803,-0.05165445804595947,-0.09437394142150879,-0.07436347007751465,-0.12871015071868896,-0.09664666652679443,-0.14607882499694824,-0.11666831374168396,-0.1635371446609497,-0.02166074514389038,-0.08783864974975586,-0.04887908697128296,-0.0521809458732605,-0.05216282606124878,-0.020792484283447266,-0.04910778999328613,-0.011475801467895508,0.0007700920104980469,-0.0621984601020813,-0.026545941829681396,-0.007794976234436035,-0.03290224075317383,0.011029601097106934,-0.030582785606384277,0.010436415672302246
one_finger_circle,0.008249402046203613,0.03368401527404785,-0.035712480545043945,0.027047693729400635,-0.07119709253311157,0.018143832683563232,-0.07449322938919067,0.022911250591278076,-0.05317789316177368,0.02700221538543701,-0.07157808542251587,-0.06334501504898071,-0.09809404611587524,-0.08607137203216553,-0.11694443225860596,-0.0974125862121582,-0.1335994005203247,-0.10908228158950806,-0.04595071077346802,-0.07505840063095093,-0.07250672578811646,-0.09476137161254883,-0.09629040956497192,-0.10282063484191895,-0.11782121658325195,-0.11164343357086182,-0.018783926963806152,-0.06512236595153809,-0.04704385995864868,-0.017177999019622803,-0.049696385860443115,0.005081236362457275,-0.0482105016708374,0.0056951045989990234,0.0019948482513427734,-0.03716874122619629,-0.024868428707122803,0.020591378211975098,-0.030569612979888916,0.03156113624572754,-0.030517935752868652,0.023553013801574707
one_finger_circle,0.012763738632202148,0.030923306941986084,-0.03183102607727051,0.01972287893295288,-0.06727433204650879,0.014310359954833984,-0.07094615697860718,0.0339808464050293,-0.05226874351501465,0.05122172832489014,-0.05992233753204346,-0.06857448816299438,-0.09078633785247803,-0.07364606857299805,-0.11276262998580933,-0.07617849111557007,-0.13359224796295166,-0.07996624708175659,-0.034659624099731445,-0.06978756189346313,-0.0716632604598999,-0.0690007209777832,-0.09795123338699341,-0.0756257176399231,-0.12058591842651367,-0.08358335494995117,-0.009445905685424805,-0.050749003887176514,-0.04723852872848511,0.011205554008483887,-0.04639536142349243,0.02081233263015747,-0.04080575704574585,0.011525273323059082,0.009135901927947998,-0.01654231548309326,-0.022773921489715576,0.039712369441986084,-0.02622044086456299,0.039250314235687256,-0.02334541082382202,0.02033984661102295
one_finger_circle,0.01557004451751709,0.04499691724777222,-0.01950240135192871,0.03600341081619263,-0.04819154739379883,0.033852219581604004,-0.05678361654281616,0.05801236629486084,-0.04878956079483032,0.08357113599777222,-0.0475652813911438,-0.042781829833984375,-0.07725471258163452,-0.040720462799072266,-0.09990090131759644,-0.032430052757263184,-0.1196543276309967,-0.022494494915008545,-0.02288985252380371,-0.042614758014678955,-0.05685734748840332,-0.036101460456848145,-0.08122950792312622,-0.02992480993270874,-0.09876692295074463,-0.026129186153411865,0.0035668611526489258,-0.022887349128723145,-0.02995443344116211,0.03713369369506836,-0.029693007469177246,0.05256420373916626,-0.023515522480010986,0.04790908098220825,0.02526181936264038,0.00874483585357666,-0.003215789794921875,0.061489224433898926,-0.0038222670555114746,0.06642180681228638,0.0015772581100463867,0.05304610729217529
one_finger_circle,0.025699317455291748,0.05738711357116699,-0.006502389907836914,0.044194936752319336,-0.038486480712890625,0.042982637882232666,-0.045998334884643555,0.07208836078643799,-0.032740116119384766,0.09849584102630615,-0.037129998207092285,-0.03458207845687866,-0.06698751449584961,-0.02131521701812744,-0.08667200803756714,-0.006761133670806885,-0.10067698359489441,0.004168152809143066,-0.010846436023712158,-0.03236287832260132,-0.04547572135925293,-0.005974292755126953,-0.06269282102584839,0.003921151161193848,-0.07304608821868896,0.008435487747192383,0.016019582748413086,-0.010908186435699463,-0.01813375949859619,0.05304872989654541,-0.020881295204162598,0.06898891925811768,-0.017994999885559082,0.06847226619720459,0.03756725788116455,0.020892798900604248,0.008766233921051025,0.07437360286712646,0.002999544143676758,0.08364266157150269,0.0030948519706726074,0.0787268877029419
one_finger_circle,0.04151397943496704,0.030125737190246582,0.014103233814239502,0.05415904521942139,0.005498111248016357,0.08101475238800049,0.019403457641601562,0.11807012557983398,0.041338980197906494,0.14254683256149292,0.01222991943359375,0.01804882287979126,0.02808588743209839,0.09524357318878174,0.03348881006240845,0.10510146617889404,0.03661000728607178,0.09776592254638672,0.04240459203720093,0.013617634773254395,0.05077672004699707,0.09913378953933716,0.04772806167602539,0.1042555570602417,0.04491865634918213,0.09170055389404297,0.06929385662078857,0.02276402711868286,0.07402628660202026,0.10226422548294067,0.06701791286468506,0.10500776767730713,0.061103224754333496,0.09231239557266235,0.09121519327163696,0.03888148069381714,0.08707880973815918,0.09683525562286377,0.07626664638519287,0.10208630561828613,0.06880128383636475,0.0936618447303772
one_finger_circle,0.052095115184783936,0.06873750686645508,0.028233647346496582,0.09050244092941284,0.019690871238708496,0.10595071315765381,0.04393428564071655,0.12467235326766968,0.07337802648544312,0.1381601095199585,0.017610490322113037,0.02940356731414795,0.05429321527481079,0.08173936605453491,0.06884092092514038,0.09898388385772705,0.07938271760940552,0.10217636823654175,0.04418325424194336,0.017029166221618652,0.07300066947937012,0.07373261451721191,0.0867965817451477,0.09574073553085327,0.09788691997528076,0.10337084531784058,0.0681084394454956,0.018141984939575195,0.09095662832260132,0.07097703218460083,0.09726762771606445,0.09384578466415405,0.10050398111343384,0.10203313827514648,0.08991950750350952,0.02719324827194214,0.10035544633865356,0.06662601232528687,0.09971141815185547,0.08666306734085083,0.09982103109359741,0.09277302026748657
one_finger_circle,0.10623222589492798,0.11717981100082397,0.08732134103775024,0.11989086866378784,0.07995665073394775,0.09870219230651855,0.09267795085906982,0.07012349367141724,0.11325109004974365,0.04717737436294556,0.053553223609924316,0.04234027862548828,0.07323718070983887,0.027177810668945312,0.1021038293838501,0.03164011240005493,0.12802284955978394,0.04173147678375244,0.07472950220108032,0.018935084342956543,0.09982669353485107,0.007836103439331055,0.13137578964233398,0.019942522048950195,0.1560419797897339,0.03576868772506714,0.09687411785125732,0.011873781681060791,0.11985427141189575,0.001811981201171875,0.1447230577468872,0.015922248363494873,0.1620328426361084,0.03164374828338623,0.1159932017326355,0.015893936157226562,0.1346021294593811,0.009475648403167725,0.14955413341522217,0.022064924240112305,0.16205531358718872,0.034479379653930664
one_finger_circle,0.07328438758850098,0.03533816337585449,0.066902756690979,0.05998969078063965,0.08726459741592407,0.07821524143218994,0.12258976697921753,0.08559703826904297,0.15650421380996704,0.08085805177688599,0.09857016801834106,-0.017138779163360596,0.1583489179611206,-0.029557228088378906,0.20097851753234863,-0.030793190002441406,0.23620188236236572,-0.03580677509307861,0.12605828046798706,-0.0252687931060791,0.16067659854888916,0.031734347343444824,0.14271414279937744,0.06956744194030762,0.12341302633285522,0.07126933336257935,0.1446043848991394,-0.015638232231140137,0.16363441944122314,0.04609119892120361,0.14361834526062012,0.07258158922195435,0.12612152099609375,0.06439584493637085,0.15432000160217285,-0.0005005002021789551,0.1663731336593628,0.04778796434402466,0.15029865503311157,0.067527174949646,0.13313394784927368,0.062339067459106445
one_finger_circle,0.08922219276428223,0.04162633419036865,0.09002721309661865,0.04097658395767212,0.11876583099365234,0.02678734064102173,0.1526525616645813,0.019815027713775635,0.1780768632888794,0.004711747169494629,0.11619561910629272,-0.062439680099487305,0.15865343809127808,-0.08790802955627441,0.1897832751274109,-0.10289150476455688,0.2139536738395691,-0.1201711893081665,0.13776910305023193,-0.057309627532958984,0.16976773738861084,-0.023048877716064453,0.15622925758361816,0.013435661792755127,0.14173197746276855,0.022733330726623535,0.15372025966644287,-0.04041320085525513,0.1762484312057495,-0.0019775032997131348,0.15736865997314453,0.02200758457183838,0.14233076572418213,0.0166437029838562,0.16185492277145386,-0.020382344722747803,0.17522650957107544,0.01307612657546997,0.1614089012145996,0.028204023838043213,0.14914089441299438,0.022129356861114502
one_finger_circle,0.09637540578842163,0.03246885538101196,0.09650248289108276,0.0293007493019104,0.1227731704711914,0.006888747215270996,0.15441018342971802,-0.004482388496398926,0.1771875023841858,-0.020151615142822266,0.1162261962890625,-0.08029276132583618,0.15651768445968628,-0.11723661422729492,0.18677276372909546,-0.13738882541656494,0.21052366495132446,-0.1576552391052246,0.13816434144973755,-0.07504892349243164,0.16878360509872437,-0.05512005090713501,0.15848678350448608,-0.02022254467010498,0.14609897136688232,-0.009643316268920898,0.1562787890434265,-0.06001240015029907,0.17679709196090698,-0.025191962718963623,0.15722036361694336,0.0026701688766479492,0.14079922437667847,0.00044590234756469727,0.16614043712615967,-0.04106706380844116,0.17748332023620605,-0.007413327693939209,0.16171187162399292,0.010645866394042969,0.14814966917037964,0.0073247551918029785
one_finger_circle,0.101767897605896,0.012403726577758789,0.0999261736869812,0.000944674015045166,0.11712920665740967,-0.028004467487335205,0.14654392004013062,-0.04747796058654785,0.1686180830001831,-0.06925523281097412,0.10445523262023926,-0.11750513315200806,0.13812190294265747,-0.16977345943450928,0.1671542525291443,-0.20357352495193481,0.1902063488960266,-0.23309582471847534,0.1282007098197937,-0.115509033203125,0.1548253893852234,-0.17078518867492676,0.1778852343559265,-0.20311319828033447,0.1971988081932068,-0.23589837551116943,0.14822429418563843,-0.10090571641921997,0.17191290855407715,-0.08431142568588257,0.15821582078933716,-0.04883545637130737,0.14338982105255127,-0.03822594881057739,0.16071218252182007,-0.07886773347854614,0.17503613233566284,-0.061175644397735596,0.16260629892349243,-0.03804588317871094,0.14765924215316772,-0.033727824687957764
one_finger_circle,0.09729981422424316,0.003093421459197998,0.09720379114151001,-0.008875548839569092,0.11265766620635986,-0.04109072685241699,0.14094704389572144,-0.06792247295379639,0.1605987548828125,-0.09671181440353394,0.09609264135360718,-0.13992375135421753,0.1269059181213379,-0.19826680421829224,0.1550019383430481,-0.23646265268325806,0.1775038242340088,-0.26786190271377563,0.11782628297805786,-0.13686871528625488,0.14099270105361938,-0.19505256414413452,0.16358762979507446,-0.23003745079040527,0.1826130747795105,-0.2633145749568939,0.13524341583251953,-0.12176072597503662,0.16047173738479614,-0.11015206575393677,0.1492787003517151,-0.07015913724899292,0.13605952262878418,-0.05553388595581055,0.14631617069244385,-0.09899908304214478,0.1622626781463623,-0.08763003349304199,0.15134990215301514,-0.06105804443359375,0.13556498289108276,-0.05183535814285278
one_finger_circle,0.09544461965560913,-0.003512859344482422,0.08444291353225708,-0.027726054191589355,0.09270906448364258,-0.0660821795463562,0.1239514946937561,-0.0933418869972229,0.1467878222465515,-0.11797267198562622,0.08482062816619873,-0.15465956926345825,0.10879111289978027,-0.2150629758834839,0.13193750381469727,-0.2574014365673065,0.1525561809539795,-0.2910071015357971,0.10822004079818726,-0.14839601516723633,0.12539047002792358,-0.21441757678985596,0.14425837993621826,-0.256079763174057,0.16196876764297485,-0.29256772994995117,0.12680470943450928,-0.12984400987625122,0.14602309465408325,-0.12590104341506958,0.13410013914108276,-0.08455246686935425,0.12161767482757568,-0.06596839427947998,0.1389736533164978,-0.10259020328521729,0.15101468563079834,-0.10249727964401245,0.1392611861228943,-0.07455229759216309,0.1235342025756836,-0.06090134382247925
one_finger_circle,0.08241206407546997,-0.018983125686645508,0.06302958726882935,-0.04691886901855469,0.06375712156295776,-0.09194767475128174,0.09392344951629639,-0.12477761507034302,0.11636227369308472,-0.14902043342590332,0.05555236339569092,-0.1810619831085205,0.07166999578475952,-0.2480352520942688,0.08824270963668823,-0.29388517141342163,0.10247474908828735,-0.329974502325058,0.07965689897537231,-0.17523950338363647,0.09034198522567749,-0.24741104245185852,0.10594266653060913,-0.2910715937614441,0.12033075094223022,-0.3285742402076721,0.10084021091461182,-0.15385621786117554,0.11482793092727661,-0.15607404708862305,0.10561108589172363,-0.11665809154510498,0.09604054689407349,-0.09619015455245972,0.11601197719573975,-0.12296968698501587,0.12266784906387329,-0.12428736686706543,0.11164426803588867,-0.09327507019042969,0.09903442859649658,-0.07472085952758789
one_finger_circle,0.06667721271514893,-0.022510290145874023,0.04352527856826782,-0.05284988880157471,0.04324537515640259,-0.10009622573852539,0.07244473695755005,-0.13268697261810303,0.09604418277740479,-0.1569536328315735,0.037758588790893555,-0.1895228624343872,0.05037814378738403,-0.2581741213798523,0.06490910053253174,-0.30466073751449585,0.07774460315704346,-0.3408427834510803,0.06147032976150513,-0.1829991340637207,0.06850528717041016,-0.25994744896888733,0.0815618634223938,-0.3064619302749634,0.0937725305557251,-0.34440040588378906,0.08285611867904663,-0.16180503368377686,0.0963062047958374,-0.16566312313079834,0.088314950466156,-0.1238362193107605,0.07927846908569336,-0.10137146711349487,0.09910178184509277,-0.13185882568359375,0.10557729005813599,-0.13706684112548828,0.09595131874084473,-0.10532432794570923,0.08457130193710327,-0.08613061904907227
one_finger_circle,0.042112767696380615,-0.028843939304351807,0.011140882968902588,-0.06313246488571167,0.00468897819519043,-0.11243832111358643,0.032340288162231445,-0.14856833219528198,0.058638930320739746,-0.1687338948249817,0.004953622817993164,-0.19864636659622192,0.01024174690246582,-0.2661523222923279,0.018656134605407715,-0.3136587142944336,0.02579939365386963,-0.3525432348251343,0.032667338848114014,-0.19195616245269775,0.03292816877365112,-0.2696950435638428,0.03870737552642822,-0.3176729679107666,0.044617295265197754,-0.3575693964958191,0.05924028158187866,-0.1677950620651245,0.06319260597229004,-0.17059087753295898,0.051809489727020264,-0.1306591033935547,0.042364418506622314,-0.1047937273979187,0.07952696084976196,-0.13329434394836426,0.07728314399719238,-0.13573163747787476,0.06305539608001709,-0.10438430309295654,0.05090755224227905,-0.08363503217697144
one_finger_circle,0.03334379196166992,-0.031632959842681885,0.00199127197265625,-0.06207084655761719,-0.007409453392028809,-0.11175519227981567,0.014312922954559326,-0.15047669410705566,0.03561437129974365,-0.17193526029586792,-0.009372413158416748,-0.20237374305725098,-0.007838189601898193,-0.2698328495025635,-0.0034672021865844727,-0.31488972902297974,-0.0005243420600891113,-0.3523932695388794,0.016682863235473633,-0.1990852952003479,0.012527287006378174,-0.2736339867115021,0.015351593494415283,-0.32155922055244446,0.019096553325653076,-0.3608594238758087,0.042618632316589355,-0.1781693696975708,0.044945359230041504,-0.17982745170593262,0.037375807762145996,-0.1373613476753235,0.031159162521362305,-0.10772049427032471,0.0633535385131836,-0.14637959003448486,0.06053286790847778,-0.14503276348114014,0.049716949462890625,-0.110568106174469,0.041197776794433594,-0.08565235137939453
one_finger_circle,0.015450835227966309,-0.02808511257171631,-0.02249664068222046,-0.05645298957824707,-0.04038965702056885,-0.10862469673156738,-0.0207674503326416,-0.1524357795715332,0.00692671537399292,-0.1735086441040039,-0.03874129056930542,-0.1940779685974121,-0.04209291934967041,-0.2636626958847046,-0.04208129644393921,-0.3083031475543976,-0.04147934913635254,-0.3465639352798462,-0.009509384632110596,-0.19647622108459473,-0.01768350601196289,-0.26992467045783997,-0.021519243717193604,-0.31714510917663574,-0.023062467575073242,-0.35828182101249695,0.019273817539215088,-0.1812179684638977,0.012281358242034912,-0.1895139217376709,0.0022355318069458008,-0.1487829089164734,-0.0025323033332824707,-0.1203802227973938,0.043035924434661865,-0.15372991561889648,0.030368328094482422,-0.1548846960067749,0.01536649465560913,-0.12073671817779541,0.00622934103012085,-0.09591913223266602
one_finger_circle,0.0068991780281066895,-0.027221322059631348,-0.03008270263671875,-0.0535241961479187,-0.05119568109512329,-0.10459411144256592,-0.0343208909034729,-0.1454370617866516,-0.006620466709136963,-0.1654040813446045,-0.04954183101654053,-0.19157403707504272,-0.05513489246368408,-0.26109009981155396,-0.056903302669525146,-0.30492615699768066,-0.057591021060943604,-0.3422465920448303,-0.019891440868377686,-0.1957087516784668,-0.02872157096862793,-0.2686176002025604,-0.03537631034851074,-0.3145667314529419,-0.039608776569366455,-0.35347968339920044,0.00939875841140747,-0.18223422765731812,-0.0009139180183410645,-0.18837833404541016,-0.010715901851654053,-0.14803582429885864,-0.01358485221862793,-0.11926865577697754,0.0329243540763855,-0.1566287875175476,0.016415894031524658,-0.1482502818107605,0.0016404390335083008,-0.11316430568695068,-0.004728555679321289,-0.08847814798355103
one_finger_circle,-0.006218969821929932,-0.023967444896697998,-0.04214799404144287,-0.048230767250061035,-0.06533920764923096,-0.09475797414779663,-0.05069237947463989,-0.13065600395202637,-0.024985790252685547,-0.14854735136032104,-0.06327497959136963,-0.17837196588516235,-0.07339119911193848,-0.24740511178970337,-0.07822287082672119,-0.2899450659751892,-0.08006632328033447,-0.3264872431755066,-0.03340137004852295,-0.18582820892333984,-0.04683995246887207,-0.25855398178100586,-0.05554521083831787,-0.30418679118156433,-0.06042438745498657,-0.34264689683914185,-0.0034931302070617676,-0.17426460981369019,-0.019242823123931885,-0.17784804105758667,-0.028335869312286377,-0.1399490237236023,-0.03050631284713745,-0.11340928077697754,0.019488990306854248,-0.15016484260559082,-0.0029473304748535156,-0.134113609790802,-0.01907527446746826,-0.10245203971862793,-0.026064813137054443,-0.08141779899597168
one_finger_circle,-0.007639706134796143,-0.017459511756896973,-0.04503774642944336,-0.042594075202941895,-0.06971877813339233,-0.0890236496925354,-0.05545920133590698,-0.12312054634094238,-0.02789163589477539,-0.13990509510040283,-0.06670147180557251,-0.17114365100860596,-0.0775376558303833,-0.2392655313014984,-0.0830991268157959,-0.2815864682197571,-0.08576363325119019,-0.31766608357429504,-0.037103235721588135,-0.17932283878326416,-0.05093693733215332,-0.2510265111923218,-0.059774935245513916,-0.2972066402435303,-0.06464403867721558,-0.33558082580566406,-0.007579207420349121,-0.16859889030456543,-0.023080825805664062,-0.17341989278793335,-0.03205233812332153,-0.13792473077774048,-0.03373926877975464,-0.1122504472732544,0.01547551155090332,-0.14527374505996704,-0.006801724433898926,-0.12539714574813843,-0.022552013397216797,-0.0918465256690979,-0.028802454471588135,-0.06914186477661133
one_finger_circle,-0.012906491756439209,-0.013991594314575195,-0.04899394512176514,-0.036089181900024414,-0.074459969997406,-0.07841718196868896,-0.06038707494735718,-0.11253505945205688,-0.032699763774871826,-0.12888950109481812,-0.07088714838027954,-0.16731488704681396,-0.08023560047149658,-0.23213082551956177,-0.0852888822555542,-0.2725708484649658,-0.08857476711273193,-0.307375967502594,-0.04109847545623779,-0.17484986782073975,-0.05260664224624634,-0.24215489625930786,-0.06103712320327759,-0.2857857346534729,-0.06692129373550415,-0.32317471504211426,-0.01141887903213501,-0.16282618045806885,-0.02593773603439331,-0.16135281324386597,-0.035683274269104004,-0.12775009870529175,-0.0386691689491272,-0.10566836595535278,0.011354207992553711,-0.1376817226409912,-0.009429454803466797,-0.11656731367111206,-0.025036871433258057,-0.08816051483154297,-0.032238662242889404,-0.07029086351394653
one_finger_circle,-0.011414289474487305,-0.011828005313873291,-0.04879498481750488,-0.03300321102142334,-0.07344198226928711,-0.07428640127182007,-0.0589141845703125,-0.10850387811660767,-0.031233251094818115,-0.12681037187576294,-0.06961482763290405,-0.16309970617294312,-0.07827669382095337,-0.2278808355331421,-0.08236736059188843,-0.26872968673706055,-0.08484804630279541,-0.3038572669029236,-0.040101587772369385,-0.17179596424102783,-0.05155450105667114,-0.23956367373466492,-0.0595928430557251,-0.2829253673553467,-0.06545382738113403,-0.31945186853408813,-0.010877430438995361,-0.16068768501281738,-0.025040745735168457,-0.15963709354400635,-0.0337522029876709,-0.1241229772567749,-0.03592425584793091,-0.09974557161331177,0.011695504188537598,-0.13626831769943237,-0.009539961814880371,-0.11284178495407104,-0.02414482831954956,-0.08185768127441406,-0.03025960922241211,-0.061971306800842285
one_finger_circle,-0.00884920358657837,-0.008319616317749023,-0.045622289180755615,-0.030575215816497803,-0.06949299573898315,-0.07268530130386353,-0.055444419384002686,-0.10649561882019043,-0.027140259742736816,-0.12347769737243652,-0.06567859649658203,-0.16061800718307495,-0.07288235425949097,-0.22712361812591553,-0.07482677698135376,-0.26903581619262695,-0.07552248239517212,-0.3045493960380554,-0.03630232810974121,-0.167841374874115,-0.046295762062072754,-0.23632031679153442,-0.05340975522994995,-0.2802892327308655,-0.05882441997528076,-0.31653982400894165,-0.007166683673858643,-0.15629112720489502,-0.019062280654907227,-0.15606194734573364,-0.028203904628753662,-0.12163060903549194,-0.031340837478637695,-0.09743273258209229,0.01543271541595459,-0.13175630569458008,-0.0037758946418762207,-0.10966402292251587,-0.019630372524261475,-0.0788007378578186,-0.027759909629821777,-0.05842024087905884
one_finger_circle,-0.007465004920959473,-0.009831368923187256,-0.04441958665847778,-0.03084719181060791,-0.06740009784698486,-0.07434844970703125,-0.051189422607421875,-0.10738563537597656,-0.024767041206359863,-0.12505340576171875,-0.06378781795501709,-0.16275012493133545,-0.07019811868667603,-0.2278798222541809,-0.07189023494720459,-0.269253134727478,-0.07287722826004028,-0.3047068119049072,-0.03411376476287842,-0.16864317655563354,-0.04340493679046631,-0.23693954944610596,-0.04964548349380493,-0.279840350151062,-0.054261088371276855,-0.3162873685359955,-0.005215644836425781,-0.15593379735946655,-0.014286279678344727,-0.16018712520599365,-0.02501678466796875,-0.12230432033538818,-0.030704498291015625,-0.09558618068695068,0.017628133296966553,-0.13047844171524048,0.0010403990745544434,-0.11393153667449951,-0.015228867530822754,-0.08166033029556274,-0.025319039821624756,-0.05976402759552002
one_finger_circle,-0.007042407989501953,-0.009053468704223633,-0.04208683967590332,-0.03000885248184204,-0.06483471393585205,-0.07187539339065552,-0.04928499460220337,-0.10543274879455566,-0.022639036178588867,-0.1237252950668335,-0.06199383735656738,-0.16072922945022583,-0.06750631332397461,-0.22779697179794312,-0.06785058975219727,-0.26967066526412964,-0.06732058525085449,-0.3048255443572998,-0.03295236825942993,-0.1656494140625,-0.04012560844421387,-0.23412305116653442,-0.04547011852264404,-0.2786971628665924,-0.04946070909500122,-0.31539034843444824,-0.004318654537200928,-0.15323525667190552,-0.01264190673828125,-0.15649384260177612,-0.022146165370941162,-0.11959511041641235,-0.026712238788604736,-0.0934709906578064,0.018784284591674805,-0.12881255149841309,0.004312992095947266,-0.11464643478393555,-0.011604070663452148,-0.08367228507995605,-0.02149379253387451,-0.06234163045883179
one_finger_circle,-0.00534135103225708,-0.006682217121124268,-0.03983098268508911,-0.028606712818145752,-0.06123083829879761,-0.0705099105834961,-0.046527981758117676,-0.10423952341079712,-0.020996391773223877,-0.12416869401931763,-0.05940133333206177,-0.15959453582763672,-0.06572824716567993,-0.22641628980636597,-0.06681191921234131,-0.2687824070453644,-0.06701940298080444,-0.3048464059829712,-0.030298233032226562,-0.16439425945281982,-0.037921905517578125,-0.23444777727127075,-0.04293334484100342,-0.2792128026485443,-0.04643505811691284,-0.3158554434776306,-0.0017852187156677246,-0.15154820680618286,-0.00907588005065918,-0.15872067213058472,-0.019096016883850098,-0.12380808591842651,-0.024247467517852783,-0.09811139106750488,0.02074199914932251,-0.12677013874053955,0.00625377893447876,-0.1173749566078186,-0.009394288063049316,-0.08714979887008667,-0.01918661594390869,-0.06552070379257202
one_finger_circle,-0.005087375640869141,-0.0040135979652404785,-0.04028385877609253,-0.02655583620071411,-0.0613093376159668,-0.0710533857345581,-0.044554293155670166,-0.10541421175003052,-0.018898487091064453,-0.12333446741104126,-0.058204710483551025,-0.15935957431793213,-0.06328999996185303,-0.22557389736175537,-0.06408506631851196,-0.26727330684661865,-0.06403124332427979,-0.302668035030365,-0.028441786766052246,-0.16409742832183838,-0.035868823528289795,-0.2343633770942688,-0.04134953022003174,-0.27803412079811096,-0.04524946212768555,-0.3144283890724182,0.0005347132682800293,-0.1504518985748291,-0.007313847541809082,-0.15964055061340332,-0.018531858921051025,-0.12340438365936279,-0.024288058280944824,-0.09777611494064331,0.02333134412765503,-0.12435144186019897,0.007704317569732666,-0.10956752300262451,-0.00931549072265625,-0.0784837007522583,-0.019624412059783936,-0.0577426552772522
one_finger_circle,-0.003917694091796875,-0.005630612373352051,-0.039485931396484375,-0.027915775775909424,-0.060676753520965576,-0.07209891080856323,-0.04373294115066528,-0.10550975799560547,-0.01762557029724121,-0.12294954061508179,-0.05819988250732422,-0.15988802909851074,-0.06273919343948364,-0.2262170910835266,-0.06280291080474854,-0.2675635814666748,-0.06244480609893799,-0.30279892683029175,-0.02846682071685791,-0.16629654169082642,-0.03513723611831665,-0.23590505123138428,-0.040463387966156006,-0.2787095010280609,-0.04474532604217529,-0.31443530321121216,0.0005594491958618164,-0.15360045433044434,-0.008965909481048584,-0.15677410364151,-0.018916010856628418,-0.11818355321884155,-0.02339482307434082,-0.09250867366790771,0.023316383361816406,-0.12781548500061035,0.007203459739685059,-0.10971617698669434,-0.008942365646362305,-0.07765072584152222,-0.018368899822235107,-0.05758464336395264
one_finger_circle,-0.0006802678108215332,-0.004141449928283691,-0.03603315353393555,-0.02583223581314087,-0.058952271938323975,-0.06787008047103882,-0.04352831840515137,-0.10270887613296509,-0.016210317611694336,-0.12028932571411133,-0.055651307106018066,-0.15774214267730713,-0.060754597187042236,-0.22518855333328247,-0.06113326549530029,-0.2674761116504669,-0.06096506118774414,-0.3035406470298767,-0.02618861198425293,-0.16164642572402954,-0.0334322452545166,-0.2329399585723877,-0.03837865591049194,-0.2766832411289215,-0.04193323850631714,-0.31329619884490967,0.002650141716003418,-0.14751487970352173,-0.005875349044799805,-0.15417420864105225,-0.016583919525146484,-0.11712920665740967,-0.02170175313949585,-0.0913693904876709,0.025615334510803223,-0.12107908725738525,0.010489881038665771,-0.10920745134353638,-0.005605101585388184,-0.07864153385162354,-0.015146911144256592,-0.05799710750579834
one_finger_circle,-0.00020927190780639648,-0.004211723804473877,-0.03629547357559204,-0.02697235345840454,-0.057422757148742676,-0.07058846950531006,-0.040225207805633545,-0.10551661252975464,-0.013331115245819092,-0.12203168869018555,-0.05447632074356079,-0.15847516059875488,-0.059590935707092285,-0.2242720127105713,-0.05988591909408569,-0.26639270782470703,-0.05993640422821045,-0.30192697048187256,-0.025112807750701904,-0.16377341747283936,-0.031887054443359375,-0.23337143659591675,-0.03642845153808594,-0.2774851322174072,-0.04004281759262085,-0.3138459324836731,0.003821134567260742,-0.1506897211074829,-0.005180299282073975,-0.15281128883361816,-0.015156447887420654,-0.11530327796936035,-0.019601166248321533,-0.08934760093688965,0.02687126398086548,-0.12467068433761597,0.0115431547164917,-0.11077505350112915,-0.0045111775398254395,-0.07987970113754272,-0.013990521430969238,-0.05963468551635742
one_finger_circle,0.0,0.0,-0.03361916542053223,-0.02492356300354004,-0.05174601078033447,-0.07222074270248413,-0.033587634563446045,-0.11194711923599243,-0.0074253082275390625,-0.13507413864135742,-0.051470279693603516,-0.1635195016860962,-0.05441194772720337,-0.23345622420310974,-0.05252867937088013,-0.27696749567985535,-0.05024921894073486,-0.31472957134246826,-0.02171987295150757,-0.16417062282562256,-0.026945114135742188,-0.24049001932144165,-0.029007136821746826,-0.2865056097507477,-0.029477298259735107,-0.3253723680973053,0.00696951150894165,-0.14754295349121094,0.00312882661819458,-0.16020965576171875,-0.009108483791351318,-0.11912143230438232,-0.0163576602935791,-0.09193933010101318,0.030117511749267578,-0.11939692497253418,0.019921302795410156,-0.11863046884536743,0.0037422776222229004,-0.08296829462051392,-0.007064878940582275,-0.05869889259338379
one_finger_circle,-0.0015348196029663086,-0.00014287233352661133,-0.03510624170303345,-0.025895893573760986,-0.052839696407318115,-0.07372081279754639,-0.03479480743408203,-0.11360210180282593,-0.008676767349243164,-0.13692516088485718,-0.05431312322616577,-0.1629551649093628,-0.0572468638420105,-0.2323037087917328,-0.055982232093811035,-0.2750847339630127,-0.05483698844909668,-0.31190502643585205,-0.024752676486968994,-0.16446632146835327,-0.029050827026367188,-0.23921236395835876,-0.03207826614379883,-0.2844093441963196,-0.03466707468032837,-0.3222138285636902,0.0037622451782226562,-0.14872801303863525,-0.0002592802047729492,-0.15971040725708008,-0.011326432228088379,-0.12207037210464478,-0.018251001834869385,-0.09576606750488281,0.026462435722351074,-0.12156921625137329,0.016355454921722412,-0.11691057682037354,0.00022035837173461914,-0.0823933482170105,-0.011079967021942139,-0.05739879608154297
one_finger_circle,-0.004475891590118408,0.002031266689300537,-0.040187954902648926,-0.022829294204711914,-0.0627548098564148,-0.06936872005462646,-0.047510623931884766,-0.1048208475112915,-0.021647989749908447,-0.12387853860855103,-0.06300950050354004,-0.15578806400299072,-0.06938230991363525,-0.22419798374176025,-0.0722847580909729,-0.26684674620628357,-0.07404756546020508,-0.3031165301799774,-0.032520294189453125,-0.16190993785858154,-0.04193598031997681,-0.23454579710960388,-0.04873889684677124,-0.28027623891830444,-0.05315369367599487,-0.3184563219547272,-0.0023543238639831543,-0.14950072765350342,-0.015870273113250732,-0.15329581499099731,-0.02451711893081665,-0.11779540777206421,-0.026511430740356445,-0.09299051761627197,0.020868539810180664,-0.12472003698348999,-0.0007308721542358398,-0.10768169164657593,-0.016605257987976074,-0.07677203416824341,-0.023665964603424072,-0.056569576263427734
one_finger_circle,-0.008698463439941406,0.004901111125946045,-0.04527115821838379,-0.01540517807006836,-0.07326537370681763,-0.056094467639923096,-0.06457304954528809,-0.08882379531860352,-0.040650248527526855,-0.10662603378295898,-0.07218289375305176,-0.146548330783844,-0.08361256122589111,-0.2112818956375122,-0.09002065658569336,-0.2523972690105438,-0.0937759280204773,-0.2873561978340149,-0.04271352291107178,-0.15661460161209106,-0.057367682456970215,-0.22280657291412354,-0.0693436861038208,-0.2658423185348511,-0.07820749282836914,-0.3016618490219116,-0.012967586517333984,-0.14603900909423828,-0.03174185752868652,-0.14054882526397705,-0.03917372226715088,-0.10424858331680298,-0.03982126712799072,-0.0785718560218811,0.009360551834106445,-0.12111932039260864,-0.01615440845489502,-0.09544473886489868,-0.030135512351989746,-0.06595641374588013,-0.03493332862854004,-0.04692155122756958
one_finger_circle,-0.013432621955871582,0.009959101676940918,-0.05185830593109131,-0.007458508014678955,-0.0835031270980835,-0.04151362180709839,-0.0831441879272461,-0.07040071487426758,-0.05817693471908569,-0.08540487289428711,-0.08047318458557129,-0.12958264350891113,-0.09703448414802551,-0.19122153520584106,-0.10811847448348999,-0.22981542348861694,-0.11547031998634338,-0.2637697756290436,-0.051006197929382324,-0.14352762699127197,-0.07225251197814941,-0.20401379466056824,-0.08870232105255127,-0.2429538369178772,-0.10154956579208374,-0.277675986289978,-0.020810842514038086,-0.13580113649368286,-0.046351492404937744,-0.12144273519515991,-0.053974270820617676,-0.08729326725006104,-0.053638339042663574,-0.0676228404045105,0.0005141496658325195,-0.11215424537658691,-0.03133130073547363,-0.07409733533859253,-0.04452550411224365,-0.044524550437927246,-0.04720193147659302,-0.028754353523254395
one_finger_circle,-0.009861230850219727,0.017633676528930664,-0.05103856325149536,0.0016800761222839355,-0.08648252487182617,-0.027533411979675293,-0.09360095858573914,-0.052162766456604004,-0.06808727979660034,-0.05810755491256714,-0.0806315541267395,-0.11316531896591187,-0.10320854187011719,-0.1689247488975525,-0.11860081553459167,-0.2027965486049652,-0.12963247299194336,-0.23267728090286255,-0.0520552396774292,-0.1272677779197693,-0.07867395877838135,-0.18159741163253784,-0.10139882564544678,-0.21429544687271118,-0.12029266357421875,-0.2455868422985077,-0.023077964782714844,-0.1190953254699707,-0.058078765869140625,-0.09562826156616211,-0.061396121978759766,-0.062097132205963135,-0.05535846948623657,-0.05088728666305542,-0.004751324653625488,-0.09322035312652588,-0.04119372367858887,-0.04801052808761597,-0.04708731174468994,-0.021616697311401367,-0.04117023944854736,-0.015123188495635986
one_finger_circle,-0.008553087711334229,0.02112060785293579,-0.05177789926528931,0.005661070346832275,-0.08775067329406738,-0.020797014236450195,-0.09387236833572388,-0.04347747564315796,-0.06797182559967041,-0.04953277111053467,-0.08114010095596313,-0.10592424869537354,-0.10586079955101013,-0.15765786170959473,-0.12291109561920166,-0.18891561031341553,-0.13521906733512878,-0.2163984775543213,-0.052844882011413574,-0.12043482065200806,-0.08025562763214111,-0.16864013671875,-0.10481026768684387,-0.19910264015197754,-0.12486889958381653,-0.22921866178512573,-0.024611592292785645,-0.11309915781021118,-0.06000882387161255,-0.08506500720977783,-0.06249457597732544,-0.051523029804229736,-0.05522263050079346,-0.04275006055831909,-0.007384121417999268,-0.08724528551101685,-0.04440182447433472,-0.03647714853286743,-0.04886770248413086,-0.011287033557891846,-0.04103153944015503,-0.007984280586242676
one_finger_circle,-0.0005952715873718262,0.028633475303649902,-0.04656219482421875,0.013457059860229492,-0.08376169204711914,-0.008310675621032715,-0.09128737449645996,-0.020659804344177246,-0.07012671232223511,-0.01930701732635498,-0.07775038480758667,-0.09170693159103394,-0.10540202260017395,-0.13314855098724365,-0.12423783540725708,-0.1596476435661316,-0.13931941986083984,-0.18429452180862427,-0.050682663917541504,-0.10460221767425537,-0.08131355047225952,-0.14306998252868652,-0.10796767473220825,-0.16780346632003784,-0.13130000233650208,-0.19406956434249878,-0.02376788854598999,-0.09440726041793823,-0.06314539909362793,-0.05725109577178955,-0.06294000148773193,-0.022027969360351562,-0.054551005363464355,-0.014354348182678223,-0.006300926208496094,-0.06409358978271484,-0.043397367000579834,-0.009012281894683838,-0.04547792673110962,0.014355242252349854,-0.036723971366882324,0.014251291751861572
one_finger_circle,0.003951668739318848,0.036245763301849365,-0.04379838705062866,0.024388432502746582,-0.08097004890441895,0.0058089494705200195,-0.0894918441772461,0.002286672592163086,-0.06679213047027588,0.00917208194732666,-0.07396930456161499,-0.07554000616073608,-0.1040743887424469,-0.10940825939178467,-0.12428733706474304,-0.130598247051239,-0.14055407047271729,-0.15073633193969727,-0.04728567600250244,-0.08735406398773193,-0.07923740148544312,-0.11704021692276001,-0.10810542106628418,-0.13498228788375854,-0.1327034831047058,-0.15376663208007812,-0.020403385162353516,-0.07560449838638306,-0.060806453227996826,-0.029319584369659424,-0.05835461616516113,-0.001868605613708496,-0.04804283380508423,-0.003349900245666504,-0.002498149871826172,-0.04425853490829468,-0.04082512855529785,0.016941368579864502,-0.039464712142944336,0.0325961709022522,-0.028364121913909912,0.02362281084060669
one_finger_circle,0.015837132930755615,0.043578147888183594,-0.03111511468887329,0.033914387226104736,-0.06831729412078857,0.024859607219696045,-0.08165031671524048,0.03063952922821045,-0.06491756439208984,0.03878980875015259,-0.062477052211761475,-0.06482398509979248,-0.09691068530082703,-0.08119034767150879,-0.1217840313911438,-0.09079170227050781,-0.14269524812698364,-0.10243016481399536,-0.03832155466079712,-0.06809473037719727,-0.07831555604934692,-0.08332216739654541,-0.10731995105743408,-0.09039813280105591,-0.13144171237945557,-0.10113972425460815,-0.014076650142669678,-0.05054032802581787,-0.055969059467315674,0.0019472837448120117,-0.05552417039871216,0.021196186542510986,-0.04847842454910278,0.017037689685821533,0.0029107332229614258,-0.016213536262512207,-0.032904207706451416,0.03901320695877075,-0.03476935625076294,0.04817086458206177,-0.0296633243560791,0.03624480962753296
one_finger_circle,0.03401917219161987,0.059043049812316895,-0.010260343551635742,0.040018677711486816,-0.04996383190155029,0.030842959880828857,-0.0738915205001831,0.05251532793045044,-0.07253366708755493,0.07673656940460205,-0.04879868030548096,-0.0481337308883667,-0.09183117747306824,-0.04739755392074585,-0.12255996465682983,-0.04284369945526123,-0.1495080292224884,-0.03972828388214111,-0.026322782039642334,-0.044229209423065186,-0.07543683052062988,-0.041030287742614746,-0.1089174747467041,-0.03749954700469971,-0.13568520545959473,-0.036952197551727295,-0.0043305158615112305,-0.021171987056732178,-0.051452040672302246,0.040078699588775635,-0.05294966697692871,0.0598984956741333,-0.0475308895111084,0.05810481309890747,0.011896669864654541,0.015077531337738037,-0.025870442390441895,0.06885725259780884,-0.02686154842376709,0.07890093326568604,-0.02101975679397583,0.07044088840484619
one_finger_circle,0.04193294048309326,0.07208752632141113,-0.002651512622833252,0.05577176809310913,-0.043079912662506104,0.052329957485198975,-0.06313341856002808,0.08768963813781738,-0.06225180625915527,0.1174117922782898,-0.04588407278060913,-0.021009624004364014,-0.08951246738433838,-0.002077460289001465,-0.11905258893966675,0.01342785358428955,-0.1439320147037506,0.02795475721359253,-0.02032226324081421,-0.013661861419677734,-0.07286655902862549,0.008912503719329834,-0.10942459106445312,0.020795464515686035,-0.13840171694755554,0.030445098876953125,0.003966569900512695,0.012045800685882568,-0.04344594478607178,0.08343690633773804,-0.03906887769699097,0.09320831298828125,-0.03053104877471924,0.08047217130661011,0.02190077304840088,0.04794234037399292,-0.019151687622070312,0.10619157552719116,-0.01566183567047119,0.10773366689682007,-0.005840003490447998,0.0896030068397522
one_finger_circle,0.0498582124710083,0.07927334308624268,0.0014228224754333496,0.06733542680740356,-0.041188061237335205,0.06641995906829834,-0.05960965156555176,0.10388141870498657,-0.05387932062149048,0.13520538806915283,-0.04745936393737793,-0.009313762187957764,-0.08816057443618774,0.02187556028366089,-0.115081787109375,0.044857144355773926,-0.13713085651397705,0.06418347358703613,-0.01905536651611328,-0.0005041360855102539,-0.06551212072372437,0.030784249305725098,-0.09907448291778564,0.04890310764312744,-0.12417501211166382,0.06282073259353638,0.007781565189361572,0.025880873203277588,-0.036972880363464355,0.09736675024032593,-0.0347445011138916,0.11010086536407471,-0.026889324188232422,0.10076338052749634,0.028369247913360596,0.062209904193878174,-0.011686980724334717,0.12071341276168823,-0.007892727851867676,0.12373465299606323,0.003296971321105957,0.10771501064300537
one_finger_circle,0.0566331148147583,0.0841444730758667,0.007598936557769775,0.07973897457122803,-0.03373384475708008,0.09134578704833984,-0.049285829067230225,0.13531506061553955,-0.04467242956161499,0.1586804986000061,-0.049327969551086426,0.02294522523880005,-0.07977515459060669,0.0774264931678772,-0.1003035306930542,0.11176371574401855,-0.11532676219940186,0.13796889781951904,-0.016051530838012695,0.028377771377563477,-0.05921977758407593,0.08997231721878052,-0.08727025985717773,0.11564713716506958,-0.10713827610015869,0.1328321099281311,0.016491055488586426,0.04859834909439087,-0.024470210075378418,0.1315377950668335,-0.019753992557525635,0.13664239645004272,-0.010885536670684814,0.12308567762374878,0.04318249225616455,0.07738131284713745,0.0039000511169433594,0.14394402503967285,0.004913151264190674,0.14143115282058716,0.012248337268829346,0.12054997682571411
one_finger_circle,0.06876868009567261,0.08793962001800537,0.022740662097930908,0.07359486818313599,-0.01774001121520996,0.08636754751205444,-0.03747159242630005,0.1316903829574585,-0.04449582099914551,0.16559171676635742,-0.026463806629180908,0.04116553068161011,-0.057887136936187744,0.11074501276016235,-0.0745735764503479,0.14962643384933472,-0.08325523138046265,0.17333656549453735,0.006851017475128174,0.04679882526397705,-0.033283531665802,0.12336760759353638,-0.05474346876144409,0.15171104669570923,-0.06936037540435791,0.1665174961090088,0.03806734085083008,0.06652075052261353,-0.0026239752769470215,0.1545507311820984,0.0006611943244934082,0.15733391046524048,0.010372400283813477,0.14181751012802124,0.06283676624298096,0.0939989686012268,0.025852501392364502,0.16390472650527954,0.02710592746734619,0.16179972887039185,0.036524057388305664,0.1416875123977661
one_finger_circle,0.06815457344055176,0.11265408992767334,0.033671796321868896,0.12005847692489624,0.00031626224517822266,0.13371098041534424,-0.023737847805023193,0.16281694173812866,-0.04294866323471069,0.18579918146133423,-0.008719205856323242,0.0647771954536438,-0.029661595821380615,0.13811707496643066,-0.03477823734283447,0.1828526258468628,-0.036148786544799805,0.2085312008857727,0.019422471523284912,0.05951458215713501,-0.005956888198852539,0.1429118514060974,-0.006882369518280029,0.18160206079483032,-0.007503211498260498,0.19847911596298218,0.04782390594482422,0.06618613004684448,0.027383267879486084,0.14853215217590332,0.030623257160186768,0.17153382301330566,0.03318697214126587,0.1734820008277893,0.07313495874404907,0.07872402667999268,0.0509604811668396,0.1423557996749878,0.04693329334259033,0.16312146186828613,0.04557448625564575,0.16600793600082397
one_finger_circle,0.07690149545669556,0.1137310266494751,0.03803670406341553,0.11444324254989624,0.013126015663146973,0.126165509223938,0.0005779266357421875,0.15816330909729004,-0.004661500453948975,0.19258874654769897,0.02208077907562256,0.06349098682403564,0.008188188076019287,0.1305190920829773,0.0019547343254089355,0.17230576276779175,-0.0023680925369262695,0.2050808072090149,0.05649489164352417,0.06862640380859375,0.0396498441696167,0.13443464040756226,0.02686750888824463,0.17987918853759766,0.01923900842666626,0.21658551692962646,0.08835971355438232,0.08422273397445679,0.07154256105422974,0.1430153250694275,0.055537402629852295,0.1787680983543396,0.04597049951553345,0.20663142204284668,0.11386895179748535,0.10556751489639282,0.09944617748260498,0.15183866024017334,0.08464187383651733,0.17550474405288696,0.07279610633850098,0.19250905513763428
one_finger_circle,0.05700087547302246,0.08298468589782715,0.035294175148010254,0.09431123733520508,0.028075039386749268,0.12379300594329834,0.031988561153411865,0.16194629669189453,0.03850334882736206,0.19411814212799072,0.044636070728302,0.07999777793884277,0.04599571228027344,0.14537960290908813,0.0439339280128479,0.18278270959854126,0.044786691665649414,0.20676374435424805,0.07516705989837646,0.08275097608566284,0.07597845792770386,0.14686369895935059,0.07192391157150269,0.18697184324264526,0.07123619318008423,0.21277868747711182,0.09924459457397461,0.09283733367919922,0.10051357746124268,0.15213614702224731,0.09121149778366089,0.18809109926223755,0.08707171678543091,0.2107899785041809,0.11810070276260376,0.10823601484298706,0.11746305227279663,0.1574520468711853,0.1111985445022583,0.1807774305343628,0.10824817419052124,0.19515997171401978
one_finger_circle,0.07859373092651367,0.04731255769729614,0.046365201473236084,0.08470362424850464,0.0447651743888855,0.13415062427520752,0.06631892919540405,0.1713971495628357,0.0900043249130249,0.19398748874664307,0.06459128856658936,0.07654684782028198,0.09197866916656494,0.14192819595336914,0.10593944787979126,0.17463970184326172,0.11681550741195679,0.19490301609039307,0.09794539213180542,0.05916166305541992,0.1252233386039734,0.1285468339920044,0.13714951276779175,0.16495400667190552,0.14283692836761475,0.18618428707122803,0.12144696712493896,0.056373417377471924,0.13989734649658203,0.12367331981658936,0.14569401741027832,0.15795481204986572,0.14822328090667725,0.17734283208847046,0.13715338706970215,0.0654604434967041,0.14588069915771484,0.11738944053649902,0.14697891473770142,0.14868056774139404,0.14715683460235596,0.16943269968032837
one_finger_circle,0.07314157485961914,0.056634485721588135,0.06018233299255371,0.09903073310852051,0.07116347551345825,0.1390334963798523,0.0948261022567749,0.16503214836120605,0.11768192052841187,0.17691683769226074,0.06481117010116577,0.09684973955154419,0.09395045042037964,0.14602184295654297,0.11649429798126221,0.16693443059921265,0.1346185803413391,0.17611992359161377,0.08618247509002686,0.06813579797744751,0.12516772747039795,0.11712467670440674,0.1514291763305664,0.14301413297653198,0.16842859983444214,0.1562044620513916,0.1078539490699768,0.05075961351394653,0.14283186197280884,0.1024203896522522,0.16004854440689087,0.1318787932395935,0.16948670148849487,0.14559131860733032,0.12733817100524902,0.045140624046325684,0.14820194244384766,0.08783894777297974,0.15751022100448608,0.1148567795753479,0.16262513399124146,0.1302962303161621
one_finger_circle,0.08872342109680176,0.03997528553009033,0.06865298748016357,0.09248191118240356,0.09324765205383301,0.1318710446357727,0.13382494449615479,0.1449795961380005,0.16490238904953003,0.14076459407806396,0.08857017755508423,0.07262128591537476,0.13362103700637817,0.10284554958343506,0.17220425605773926,0.12094074487686157,0.20248466730117798,0.129824697971344,0.11521458625793457,0.046263694763183594,0.16302722692489624,0.08128118515014648,0.17356717586517334,0.09868913888931274,0.17264008522033691,0.09810465574264526,0.13448989391326904,0.033543944358825684,0.17134064435958862,0.08239144086837769,0.16181206703186035,0.10514366626739502,0.14741867780685425,0.10319662094116211,0.14918088912963867,0.03057384490966797,0.1733182668685913,0.07911193370819092,0.16663211584091187,0.10091310739517212,0.15547847747802734,0.10081946849822998
one_finger_circle,0.08581739664077759,0.04934501647949219,0.0783454179763794,0.09109145402908325,0.10954278707504272,0.11922603845596313,0.1493844985961914,0.12623363733291626,0.18044370412826538,0.12316572666168213,0.10865867137908936,0.032562851905822754,0.1684579849243164,0.038582682609558105,0.21013736724853516,0.047402024269104004,0.2438446283340454,0.050461769104003906,0.13037192821502686,0.01871579885482788,0.17066973447799683,0.08203160762786865,0.14694833755493164,0.10447520017623901,0.1263408064842224,0.0936124324798584,0.14817553758621216,0.019905269145965576,0.18220525979995728,0.08238381147384644,0.1571744680404663,0.1030624508857727,0.140608012676239,0.09034979343414307,0.162533700466156,0.02793806791305542,0.18945515155792236,0.082999587059021,0.17034536600112915,0.10120564699172974,0.15430045127868652,0.09122025966644287
one_finger_circle,0.09502917528152466,0.08003675937652588,0.08745121955871582,0.09277784824371338,0.10683286190032959,0.09138661623001099,0.1393623948097229,0.09269541501998901,0.16559261083602905,0.08116310834884644,0.11192530393600464,0.012781023979187012,0.14533942937850952,0.0012161731719970703,0.17686671018600464,-0.010336041450500488,0.2011089324951172,-0.020560741424560547,0.13790249824523926,0.012288808822631836,0.17270898818969727,0.04283183813095093,0.16360223293304443,0.06986725330352783,0.14774519205093384,0.08005571365356445,0.156657874584198,0.024227261543273926,0.18067514896392822,0.060646653175354004,0.16521847248077393,0.08089488744735718,0.14986205101013184,0.08165574073791504,0.16799134016036987,0.04269617795944214,0.18330395221710205,0.07072710990905762,0.1725185513496399,0.08370351791381836,0.16193974018096924,0.08411550521850586
one_finger_circle,0.10051864385604858,0.06733947992324829,0.08902710676193237,0.06249642372131348,0.10713350772857666,0.05623728036880493,0.1443878412246704,0.06834512948989868,0.17438316345214844,0.07043415307998657,0.11118042469024658,-0.001963198184967041,0.14527809619903564,-0.018755316734313965,0.17556488513946533,-0.03301328420639038,0.200156569480896,-0.04531294107437134,0.13719278573989868,0.006545066833496094,0.17513823509216309,0.03822052478790283,0.16266119480133057,0.06406611204147339,0.14394867420196533,0.07126975059509277,0.15742772817611694,0.022270381450653076,0.18422096967697144,0.0582311749458313,0.16401737928390503,0.07296580076217651,0.14492422342300415,0.06626951694488525,0.170914888381958,0.040239930152893066,0.18574923276901245,0.06830638647079468,0.1697290539741516,0.07756853103637695,0.15382713079452515,0.07178652286529541
one_finger_circle,0.11163568496704102,0.060853004455566406,0.0984540581703186,0.054320454597473145,0.1111980676651001,0.035057008266448975,0.14178574085235596,0.031354308128356934,0.16762113571166992,0.022354722023010254,0.11588656902313232,-0.03681224584579468,0.14858269691467285,-0.06492733955383301,0.1763707995414734,-0.08462798595428467,0.19851386547088623,-0.10257256031036377,0.14107102155685425,-0.028049349784851074,0.16387039422988892,-0.00430142879486084,0.14866018295288086,0.03211861848831177,0.13415664434432983,0.04454624652862549,0.16082912683486938,-0.014095962047576904,0.1756194829940796,0.013545513153076172,0.1560034155845642,0.03885930776596069,0.14105719327926636,0.03891181945800781,0.17331165075302124,0.0018468499183654785,0.17958343029022217,0.02787870168685913,0.16420072317123413,0.04566305875778198,0.15392130613327026,0.044769108295440674
one_finger_circle,0.10837358236312866,0.04300713539123535,0.09772485494613647,0.03737515211105347,0.11034184694290161,0.014753162860870361,0.14338678121566772,0.0038704276084899902,0.1689797043800354,-0.013222217559814453,0.10539114475250244,-0.06982415914535522,0.1422213315963745,-0.11310917139053345,0.17169129848480225,-0.13972097635269165,0.19518792629241943,-0.16637319326400757,0.12925487756729126,-0.06555265188217163,0.1599389910697937,-0.055870771408081055,0.15621966123580933,-0.02468419075012207,0.15013092756271362,-0.021380126476287842,0.14976203441619873,-0.051979124546051025,0.16929250955581665,-0.021835267543792725,0.15094465017318726,0.010415375232696533,0.13424444198608398,0.009180665016174316,0.16222405433654785,-0.03453749418258667,0.171616792678833,-0.004231274127960205,0.1562824249267578,0.018793046474456787,0.1426524519920349,0.01704186201095581
one_finger_circle,0.09709882736206055,0.030973970890045166,0.08979290723800659,0.019981205463409424,0.10193461179733276,-0.010201334953308105,0.13233226537704468,-0.03299081325531006,0.15560537576675415,-0.05673187971115112,0.0923541784286499,-0.09872925281524658,0.12176740169525146,-0.15217584371566772,0.14778542518615723,-0.1892734169960022,0.16866636276245117,-0.22087645530700684,0.11594569683074951,-0.09740650653839111,0.13850361108779907,-0.15073567628860474,0.15909677743911743,-0.18809300661087036,0.17643356323242188,-0.22486931085586548,0.13533318042755127,-0.0829390287399292,0.15625834465026855,-0.0650826096534729,0.14417749643325806,-0.028991281986236572,0.13028502464294434,-0.014068663120269775,0.14716869592666626,-0.05983841419219971,0.1596909761428833,-0.04425191879272461,0.14923083782196045,-0.02099066972732544,0.13575804233551025,-0.012565970420837402
one_finger_circle,0.09708946943283081,0.023876488208770752,0.07682973146438599,0.006307065486907959,0.07869881391525269,-0.03242868185043335,0.11167818307876587,-0.06484341621398926,0.13479864597320557,-0.09087252616882324,0.07370167970657349,-0.12425774335861206,0.09299063682556152,-0.1843995451927185,0.1127670407295227,-0.22566652297973633,0.1303728222846985,-0.2592690587043762,0.09903639554977417,-0.12300491333007812,0.11158996820449829,-0.186748206615448,0.1301252841949463,-0.22699007391929626,0.14736449718475342,-0.2634528577327728,0.11966484785079956,-0.10613799095153809,0.13647794723510742,-0.10115700960159302,0.12888175249099731,-0.06012284755706787,0.1195441484451294,-0.0390315055847168,0.13364064693450928,-0.07794582843780518,0.14352160692214966,-0.07456052303314209,0.13503724336624146,-0.04553908109664917,0.12289375066757202,-0.02867746353149414
one_finger_circle,0.0819019079208374,0.02150428295135498,0.05887448787689209,-0.009927034378051758,0.05963164567947388,-0.05881607532501221,0.08988100290298462,-0.0936470627784729,0.11270153522491455,-0.1162341833114624,0.050403475761413574,-0.137864887714386,0.06280916929244995,-0.2038189172744751,0.07771116495132446,-0.2510056793689728,0.09114360809326172,-0.28938406705856323,0.07534915208816528,-0.13351958990097046,0.08099454641342163,-0.209406316280365,0.09503048658370972,-0.25682151317596436,0.10884338617324829,-0.29749974608421326,0.09937244653701782,-0.11349612474441528,0.1126183271408081,-0.11673718690872192,0.10316890478134155,-0.07466375827789307,0.09253907203674316,-0.050888121128082275,0.11754369735717773,-0.0839393138885498,0.12443685531616211,-0.09092408418655396,0.1133568286895752,-0.05890858173370361,0.10072225332260132,-0.039535343647003174
one_finger_circle,0.0725564956665039,0.012084782123565674,0.0476413369178772,-0.01782006025314331,0.04567372798919678,-0.06687062978744507,0.0745851993560791,-0.10082781314849854,0.09863549470901489,-0.12195038795471191,0.039921462535858154,-0.152382493019104,0.048535823822021484,-0.2198430299758911,0.060029804706573486,-0.2646239399909973,0.07024270296096802,-0.30040115118026733,0.06513243913650513,-0.14772164821624756,0.06889927387237549,-0.2233356237411499,0.08059442043304443,-0.26944538950920105,0.09171611070632935,-0.3063405752182007,0.08903402090072632,-0.12637048959732056,0.09960979223251343,-0.12815088033676147,0.09266901016235352,-0.08484995365142822,0.08460116386413574,-0.059379518032073975,0.1074821949005127,-0.09575366973876953,0.11132669448852539,-0.09753888845443726,0.10106956958770752,-0.06362563371658325,0.09014278650283813,-0.04213118553161621
one_finger_circle,0.05640894174575806,0.0030118823051452637,0.02794349193572998,-0.028092920780181885,0.022763609886169434,-0.08140885829925537,0.05165815353393555,-0.12032270431518555,0.07745033502578735,-0.13952207565307617,0.017566204071044922,-0.16172903776168823,0.02163296937942505,-0.22806212306022644,0.027376532554626465,-0.2727760970592499,0.03082221746444702,-0.3106059432029724,0.04470747709274292,-0.15868079662322998,0.043977558612823486,-0.23441267013549805,0.04855239391326904,-0.28014904260635376,0.05284947156906128,-0.3194182515144348,0.07027077674865723,-0.1381756067276001,0.07521897554397583,-0.14545226097106934,0.06645172834396362,-0.10548323392868042,0.05842787027359009,-0.0801956057548523,0.09041452407836914,-0.10714536905288696,0.08983588218688965,-0.11387652158737183,0.07709020376205444,-0.08069449663162231,0.06617635488510132,-0.05750298500061035
one_finger_circle,0.04257702827453613,0.007859230041503906,0.009379565715789795,-0.02740556001663208,-0.0006376504898071289,-0.08284348249435425,0.02256983518600464,-0.12787944078445435,0.04565989971160889,-0.1523803472518921,-0.006598412990570068,-0.16384774446487427,-0.00784003734588623,-0.23114630579948425,-0.0059812068939208984,-0.2756664752960205,-0.005366325378417969,-0.31382614374160767,0.020831167697906494,-0.1635138988494873,0.013791441917419434,-0.23827001452445984,0.012922286987304688,-0.2861602306365967,0.013180971145629883,-0.32750698924064636,0.04832524061203003,-0.1450023651123047,0.04757744073867798,-0.15780943632125854,0.04087257385253906,-0.11612921953201294,0.0360148549079895,-0.08709216117858887,0.07089954614639282,-0.11472272872924805,0.0655817985534668,-0.1280059814453125,0.05473947525024414,-0.09361118078231812,0.0471004843711853,-0.06652545928955078
one_finger_circle,0.026229381561279297,0.008545398712158203,-0.00961601734161377,-0.02494269609451294,-0.02468770742416382,-0.07766258716583252,-0.003868579864501953,-0.12350058555603027,0.021801292896270752,-0.15018779039382935,-0.027220726013183594,-0.16188639402389526,-0.03193390369415283,-0.232018381357193,-0.03288048505783081,-0.2761041820049286,-0.0341113805770874,-0.31425124406814575,0.0018868446350097656,-0.1626759171485901,-0.00625842809677124,-0.238596111536026,-0.009239375591278076,-0.28511106967926025,-0.010515928268432617,-0.3260343074798584,0.030953526496887207,-0.145490825176239,0.026437997817993164,-0.15871167182922363,0.018250882625579834,-0.11451315879821777,0.014084339141845703,-0.08686727285385132,0.05559241771697998,-0.11668360233306885,0.047209739685058594,-0.12971985340118408,0.034928739070892334,-0.09455090761184692,0.027130067348480225,-0.07019007205963135
one_finger_circle,0.014575839042663574,0.010282695293426514,-0.02172142267227173,-0.020041584968566895,-0.03872501850128174,-0.0738074779510498,-0.020176708698272705,-0.12045127153396606,0.006766259670257568,-0.14539968967437744,-0.04099452495574951,-0.15685045719146729,-0.0481378436088562,-0.22694182395935059,-0.05106717348098755,-0.2715948224067688,-0.05406910181045532,-0.30936872959136963,-0.012303829193115234,-0.15970629453659058,-0.02167642116546631,-0.2360944151878357,-0.0273667573928833,-0.2836834788322449,-0.03177541494369507,-0.3233638405799866,0.01679539680480957,-0.14452588558197021,0.010511040687561035,-0.15976202487945557,0.0022286176681518555,-0.11780083179473877,-0.001989305019378662,-0.08929800987243652,0.040892064571380615,-0.1171407699584961,0.030024409294128418,-0.12892818450927734,0.01650458574295044,-0.09308820962905884,0.00816500186920166,-0.06616073846817017
one_finger_circle,0.006799578666687012,0.008160054683685303,-0.02818143367767334,-0.019393503665924072,-0.04578477144241333,-0.07076352834701538,-0.027262210845947266,-0.11579829454421997,-0.0023763179779052734,-0.14182716608047485,-0.04771733283996582,-0.154910147190094,-0.05574023723602295,-0.22502487897872925,-0.05790352821350098,-0.2692868113517761,-0.058754682540893555,-0.3068808317184448,-0.019015192985534668,-0.15646475553512573,-0.027662277221679688,-0.23480427265167236,-0.0326838493347168,-0.28216588497161865,-0.03491693735122681,-0.3212745189666748,0.010084748268127441,-0.14076048135757446,0.0034503936767578125,-0.15896940231323242,-0.006747722625732422,-0.1171029806137085,-0.011160671710968018,-0.0886298418045044,0.03422224521636963,-0.11311644315719604,0.02273094654083252,-0.12913155555725098,0.00747150182723999,-0.09420442581176758,-0.0015102028846740723,-0.06732970476150513
one_finger_circle,0.0070972442626953125,0.007126331329345703,-0.027568280696868896,-0.018896520137786865,-0.0458751916885376,-0.07046854496002197,-0.02777731418609619,-0.11449915170669556,-0.0019255876541137695,-0.13951176404953003,-0.04825407266616821,-0.1531011462211609,-0.056423962116241455,-0.22449228167533875,-0.058470189571380615,-0.2686516046524048,-0.05962014198303223,-0.30642399191856384,-0.020027577877044678,-0.15578186511993408,-0.029321670532226562,-0.23519372940063477,-0.03434157371520996,-0.2824847400188446,-0.03705739974975586,-0.32098332047462463,0.008743047714233398,-0.1411859393119812,0.0013959407806396484,-0.15677839517593384,-0.007447421550750732,-0.11385995149612427,-0.010926961898803711,-0.08585453033447266,0.032468974590301514,-0.11506384611129761,0.02121049165725708,-0.1266360878944397,0.00781548023223877,-0.08947950601577759,0.0006603002548217773,-0.06264770030975342
one_finger_circle,0.008008122444152832,0.0073836445808410645,-0.026938319206237793,-0.018284320831298828,-0.04435372352600098,-0.06796085834503174,-0.027154088020324707,-0.11245787143707275,-0.0019612908363342285,-0.13701659440994263,-0.04634314775466919,-0.15383315086364746,-0.053741633892059326,-0.2232970893383026,-0.05529618263244629,-0.2666082978248596,-0.05634117126464844,-0.3046712875366211,-0.01808995008468628,-0.15622985363006592,-0.027853786945343018,-0.23297476768493652,-0.03335040807723999,-0.2793300151824951,-0.036959707736968994,-0.31848543882369995,0.010008633136749268,-0.1413646936416626,0.003706991672515869,-0.1559773087501526,-0.006047070026397705,-0.11448538303375244,-0.011106491088867188,-0.08705687522888184,0.032801151275634766,-0.11494195461273193,0.02249211072921753,-0.12315601110458374,0.00898045301437378,-0.08676350116729736,0.0008875131607055664,-0.06048989295959473
one_finger_circle,0.010721027851104736,0.007072031497955322,-0.024579405784606934,-0.019459187984466553,-0.042540550231933594,-0.06882041692733765,-0.02474147081375122,-0.11299198865890503,0.0015746355056762695,-0.13687312602996826,-0.043803513050079346,-0.1549309492111206,-0.050482749938964844,-0.22574257850646973,-0.05152803659439087,-0.26958608627319336,-0.052187442779541016,-0.30710500478744507,-0.01530313491821289,-0.1554100513458252,-0.023693501949310303,-0.23258021473884583,-0.028207600116729736,-0.2785991132259369,-0.03106856346130371,-0.3170533776283264,0.013136029243469238,-0.1391521692276001,0.008262157440185547,-0.15195345878601074,-0.0027779340744018555,-0.1109304428100586,-0.008927106857299805,-0.08496612310409546,0.036280155181884766,-0.11129295825958252,0.027291059494018555,-0.1184355616569519,0.012731492519378662,-0.08285588026046753,0.003477334976196289,-0.05857914686203003
one_finger_circle,0.011965692043304443,0.010113179683685303,-0.02261042594909668,-0.01706981658935547,-0.04123789072036743,-0.06894099712371826,-0.02293151617050171,-0.11300325393676758,0.004210531711578369,-0.1364944577217102,-0.04158127307891846,-0.15373176336288452,-0.047840893268585205,-0.22467347979545593,-0.04864150285720825,-0.2689918875694275,-0.0490415096282959,-0.3068947196006775,-0.013475537300109863,-0.15460097789764404,-0.021021485328674316,-0.23392555117607117,-0.026316463947296143,-0.2809843122959137,-0.02954643964767456,-0.31989264488220215,0.01502448320388794,-0.13890069723129272,0.008534431457519531,-0.1560196876525879,-0.0017898082733154297,-0.11319476366043091,-0.006110072135925293,-0.08492493629455566,0.038509488105773926,-0.11197632551193237,0.028542816638946533,-0.12707000970840454,0.01470482349395752,-0.09127277135848999,0.0073506832122802734,-0.0648297667503357
one_finger_circle,0.011652827262878418,0.008322596549987793,-0.022098541259765625,-0.018107593059539795,-0.039317786693573,-0.06949937343597412,-0.021441102027893066,-0.11296850442886353,0.005179703235626221,-0.1356496810913086,-0.041585564613342285,-0.15557372570037842,-0.04688829183578491,-0.22672325372695923,-0.04684281349182129,-0.2705117166042328,-0.046575069427490234,-0.3075507581233978,-0.01291954517364502,-0.15688037872314453,-0.020480871200561523,-0.2352268397808075,-0.02477240562438965,-0.2808308005332947,-0.027515411376953125,-0.3183653950691223,0.016073286533355713,-0.1407473087310791,0.010520756244659424,-0.15413987636566162,-0.0004150867462158203,-0.11086976528167725,-0.006018698215484619,-0.08329224586486816,0.03946709632873535,-0.11267358064651489,0.029240548610687256,-0.11660343408584595,0.014783859252929688,-0.07911491394042969,0.006555378437042236,-0.05415874719619751
one_finger_circle,0.0,0.0,-0.031885743141174316,-0.02615177631378174,-0.04757624864578247,-0.07262492179870605,-0.02715975046157837,-0.11281776428222656,-0.0017316937446594238,-0.13685888051986694,-0.05065202713012695,-0.1655701994895935,-0.051814496517181396,-0.23590058088302612,-0.0497317910194397,-0.2796698212623596,-0.04720926284790039,-0.3176150321960449,-0.02096611261367798,-0.1677008867263794,-0.024528205394744873,-0.24399533867835999,-0.024898409843444824,-0.2899589538574219,-0.024060189723968506,-0.32871633768081665,0.008111178874969482,-0.15162122249603271,0.009411990642547607,-0.15831512212753296,-0.0018085837364196777,-0.11495006084442139,-0.00950312614440918,-0.08827376365661621,0.03128618001937866,-0.12328839302062988,0.0265619158744812,-0.11811339855194092,0.011005878448486328,-0.0818096399307251,-0.0005608797073364258,-0.05939894914627075
one_finger_circle,-0.0016608834266662598,-0.0008806586265563965,-0.03436875343322754,-0.027225255966186523,-0.05096322298049927,-0.07524096965789795,-0.029025614261627197,-0.1152694821357727,-0.0008101463317871094,-0.13710349798202515,-0.05093050003051758,-0.16885197162628174,-0.05238229036331177,-0.2382909059524536,-0.05044591426849365,-0.2819846570491791,-0.048378050327301025,-0.3197525143623352,-0.021587371826171875,-0.16969293355941772,-0.025013446807861328,-0.24435973167419434,-0.026553213596343994,-0.29079264402389526,-0.02705913782119751,-0.3294559717178345,0.006812036037445068,-0.15267008543014526,0.008516073226928711,-0.1610071063041687,-0.0025295615196228027,-0.11810719966888428,-0.010112404823303223,-0.09029179811477661,0.029595613479614258,-0.1234426498413086,0.02447187900543213,-0.12011545896530151,0.008791625499725342,-0.08281254768371582,-0.002963542938232422,-0.0578194260597229
one_finger_circle,-0.0031050443649291992,-0.0018879175186157227,-0.036102890968322754,-0.02730661630630493,-0.053527891635894775,-0.07552218437194824,-0.03281223773956299,-0.11536335945129395,-0.0044190287590026855,-0.13528519868850708,-0.0530967116355896,-0.16718637943267822,-0.0545881986618042,-0.2369116246700287,-0.052301883697509766,-0.28066903352737427,-0.04954195022583008,-0.3178715705871582,-0.02302265167236328,-0.16837728023529053,-0.025901496410369873,-0.24324709177017212,-0.027826309204101562,-0.2895563542842865,-0.028410911560058594,-0.32850492000579834,0.006071269512176514,-0.15089869499206543,0.0034152865409851074,-0.1592310667037964,-0.008618831634521484,-0.11631792783737183,-0.015174806118011475,-0.08928155899047852,0.028890013694763184,-0.12074995040893555,0.019722461700439453,-0.11626672744750977,0.0032312870025634766,-0.08194756507873535,-0.006936311721801758,-0.060518085956573486
one_finger_circle,-0.006766617298126221,-0.0030413269996643066,-0.042302727699279785,-0.030530214309692383,-0.06252104043960571,-0.07945674657821655,-0.04493081569671631,-0.11012935638427734,-0.018503308296203613,-0.12509852647781372,-0.056216537952423096,-0.16403919458389282,-0.06068223714828491,-0.23299086093902588,-0.06205713748931885,-0.2760428488254547,-0.06213581562042236,-0.31213152408599854,-0.025678038597106934,-0.16660034656524658,-0.03239452838897705,-0.23812714219093323,-0.03718769550323486,-0.28405338525772095,-0.039605140686035156,-0.32210901379585266,0.003346383571624756,-0.15056663751602173,-0.008268356323242188,-0.1558777093887329,-0.019588589668273926,-0.12197381258010864,-0.02416473627090454,-0.0981174111366272,0.024694621562957764,-0.12298917770385742,0.003967463970184326,-0.10680168867111206,-0.014346301555633545,-0.07796889543533325,-0.024058163166046143,-0.05929148197174072
one_finger_circle,-0.009925365447998047,-0.0020670294761657715,-0.044438064098358154,-0.027751624584197998,-0.06657445430755615,-0.07116615772247314,-0.051410794258117676,-0.09939581155776978,-0.02522808313369751,-0.11300528049468994,-0.05825483798980713,-0.15773433446884155,-0.0652761459350586,-0.22551581263542175,-0.0691232681274414,-0.2677595913410187,-0.0708269476890564,-0.3036717176437378,-0.027823984622955322,-0.16287249326705933,-0.036689162254333496,-0.23298147320747375,-0.04405945539474487,-0.2779795229434967,-0.048638999462127686,-0.3150855302810669,0.001140892505645752,-0.14883720874786377,-0.015827417373657227,-0.150243878364563,-0.026594698429107666,-0.11661863327026367,-0.029559731483459473,-0.09255480766296387,0.021992087364196777,-0.1228826642036438,-0.003818809986114502,-0.10246670246124268,-0.020917177200317383,-0.07463300228118896,-0.027765512466430664,-0.056152522563934326
one_finger_circle,-0.012841463088989258,-0.001669764518737793,-0.05021929740905762,-0.02563011646270752,-0.07657980918884277,-0.06360757350921631,-0.06681078672409058,-0.08490502834320068,-0.04189503192901611,-0.09336334466934204,-0.06419968605041504,-0.14507633447647095,-0.07493937015533447,-0.20433169603347778,-0.0824589729309082,-0.24108189344406128,-0.08684396743774414,-0.2739333510398865,-0.0341985821723938,-0.15398699045181274,-0.049117326736450195,-0.2120867669582367,-0.0618022084236145,-0.2508702874183655,-0.07047206163406372,-0.2862979769706726,-0.005788207054138184,-0.14208006858825684,-0.029711246490478516,-0.1295575499534607,-0.03957319259643555,-0.09926533699035645,-0.04056471586227417,-0.08153712749481201,0.013053655624389648,-0.11634016036987305,-0.01829284429550171,-0.07999181747436523,-0.03337407112121582,-0.05665069818496704,-0.03732943534851074,-0.045853376388549805
one_finger_circle,-0.012250244617462158,0.0038558244705200195,-0.04972285032272339,-0.018307387828826904,-0.07832485437393188,-0.05183655023574829,-0.07503879070281982,-0.07130670547485352,-0.05108112096786499,-0.07785099744796753,-0.06568664312362671,-0.13548922538757324,-0.0787431001663208,-0.191847026348114,-0.08863228559494019,-0.2271614968776703,-0.0956680178642273,-0.2580629289150238,-0.035076677799224854,-0.14552682638168335,-0.05087631940841675,-0.2005271017551422,-0.06705683469772339,-0.23699364066123962,-0.08024251461029053,-0.2699543833732605,-0.006562650203704834,-0.13328737020492554,-0.03806662559509277,-0.11299216747283936,-0.04793250560760498,-0.08004164695739746,-0.0475042462348938,-0.06353801488876343,0.01069420576095581,-0.10542309284210205,-0.025833308696746826,-0.06370782852172852,-0.04005932807922363,-0.03829371929168701,-0.042013704776763916,-0.027360379695892334
one_finger_circle,-0.0072914958000183105,0.006708860397338867,-0.04723232984542847,-0.008989572525024414,-0.08182811737060547,-0.035509467124938965,-0.0843738317489624,-0.05019336938858032,-0.06030094623565674,-0.04780757427215576,-0.06771296262741089,-0.11634314060211182,-0.08668291568756104,-0.16640102863311768,-0.09942388534545898,-0.195773184299469,-0.10924345254898071,-0.2227514684200287,-0.03903144598007202,-0.12754523754119873,-0.05861097574234009,-0.17454320192337036,-0.07903724908828735,-0.20217552781105042,-0.09704214334487915,-0.23069381713867188,-0.012252986431121826,-0.11695802211761475,-0.04634559154510498,-0.08943068981170654,-0.0526202917098999,-0.05655640363693237,-0.048548102378845215,-0.04662477970123291,0.004305243492126465,-0.09006112813949585,-0.03204143047332764,-0.04349541664123535,-0.041895508766174316,-0.0191270112991333,-0.039441466331481934,-0.01344674825668335
one_finger_circle,-0.003990054130554199,0.010084390640258789,-0.044816672801971436,-0.005215883255004883,-0.07815241813659668,-0.025088369846343994,-0.08584123849868774,-0.03631460666656494,-0.06636172533035278,-0.03616303205490112,-0.0672752857208252,-0.1064687967300415,-0.08759409189224243,-0.15400981903076172,-0.10218513011932373,-0.18089604377746582,-0.11397415399551392,-0.205727219581604,-0.03964477777481079,-0.11719387769699097,-0.060181260108947754,-0.16040635108947754,-0.08257192373275757,-0.18434160947799683,-0.10282540321350098,-0.20858970284461975,-0.013423681259155273,-0.10512220859527588,-0.0490536093711853,-0.07937002182006836,-0.05504578351974487,-0.047952473163604736,-0.05167651176452637,-0.03919875621795654,0.00259321928024292,-0.07542574405670166,-0.03431844711303711,-0.025963246822357178,-0.043625831604003906,-0.005262196063995361,-0.04149603843688965,-0.00389021635055542
one_finger_circle,0.005941808223724365,0.011122405529022217,-0.039787232875823975,-0.0025225281715393066,-0.07575881481170654,-0.018337786197662354,-0.08611279726028442,-0.01593250036239624,-0.0664067268371582,-0.00873643159866333,-0.06668561697006226,-0.09270715713500977,-0.08802717924118042,-0.1288394331932068,-0.10411345958709717,-0.1486186385154724,-0.11897066235542297,-0.16792762279510498,-0.03968006372451782,-0.10042393207550049,-0.06440931558609009,-0.13081008195877075,-0.0887289047241211,-0.1490800380706787,-0.11133518815040588,-0.1675829291343689,-0.013501286506652832,-0.08598333597183228,-0.055826663970947266,-0.041274428367614746,-0.05280005931854248,-0.021655559539794922,-0.04308050870895386,-0.028646349906921387,0.004043638706207275,-0.054745256900787354,-0.037922024726867676,-0.00017654895782470703,-0.03794538974761963,0.0074427127838134766,-0.028751373291015625,-0.007081925868988037
one_finger_circle,0.008895277976989746,0.01229405403137207,-0.036000728607177734,-0.00436711311340332,-0.07314127683639526,-0.01848655939102173,-0.08494377136230469,-0.007032334804534912,-0.06549584865570068,0.002799510955810547,-0.05881744623184204,-0.09715616703033447,-0.08282899856567383,-0.11588388681411743,-0.10216253995895386,-0.1294352412223816,-0.11983957886695862,-0.14442479610443115,-0.0319553017616272,-0.09810692071914673,-0.06314998865127563,-0.11448794603347778,-0.08826452493667603,-0.12869375944137573,-0.11077243089675903,-0.14279383420944214,-0.0077051520347595215,-0.07910537719726562,-0.0534815788269043,-0.0295829176902771,-0.05396050214767456,-0.013246297836303711,-0.04747289419174194,-0.020239531993865967,0.007218718528747559,-0.04434698820114136,-0.035241901874542236,0.008199632167816162,-0.03939443826675415,0.012922227382659912,-0.03448319435119629,-0.0027649998664855957
one_finger_circle,0.016848504543304443,0.016543447971343994,-0.028358519077301025,-0.0008726119995117188,-0.06858134269714355,-0.012735128402709961,-0.08413422107696533,0.0046918392181396484,-0.06096154451370239,0.02028512954711914,-0.0501062273979187,-0.09421342611312866,-0.07923537492752075,-0.10050070285797119,-0.10028547048568726,-0.10845816135406494,-0.12022647261619568,-0.11824607849121094,-0.026328206062316895,-0.09101331233978271,-0.06462472677230835,-0.09532225131988525,-0.08819955587387085,-0.10724782943725586,-0.10889902710914612,-0.1201016902923584,-0.0037997961044311523,-0.06900322437286377,-0.051332056522369385,-0.01299983263015747,-0.04738503694534302,-0.0025640130043029785,-0.03733193874359131,-0.01258021593093872,0.010406196117401123,-0.033336102962493896,-0.03121417760848999,0.020399093627929688,-0.029699623584747314,0.022113382816314697,-0.020554184913635254,0.0054059624671936035
one_finger_circle,0.014598965644836426,0.022698938846588135,-0.025826454162597656,0.009735405445098877,-0.06271636486053467,0.005952417850494385,-0.07516175508499146,0.03021186590194702,-0.05784749984741211,0.05064570903778076,-0.04991447925567627,-0.06756120920181274,-0.07373988628387451,-0.0726136565208435,-0.09407341480255127,-0.06920915842056274,-0.11236575245857239,-0.06383895874023438,-0.023097097873687744,-0.06804817914962769,-0.05385023355484009,-0.07269954681396484,-0.077975332736969,-0.0714300274848938,-0.09628540277481079,-0.06788861751556396,0.0024231672286987305,-0.04899317026138306,-0.035757362842559814,0.007707953453063965,-0.0395280122756958,0.01917397975921631,-0.03600960969924927,0.0123671293258667,0.020749211311340332,-0.017143547534942627,-0.016316533088684082,0.03705728054046631,-0.023253560066223145,0.03976106643676758,-0.022203385829925537,0.02617931365966797
one_finger_circle,0.010811686515808105,0.02554994821548462,-0.027042269706726074,0.012622177600860596,-0.06089383363723755,0.010289132595062256,-0.06814461946487427,0.04218631982803345,-0.04970794916152954,0.06893652677536011,-0.04632943868637085,-0.05923670530319214,-0.0700223445892334,-0.057096898555755615,-0.08926659822463989,-0.04962390661239624,-0.10485005378723145,-0.04099857807159424,-0.01683366298675537,-0.056835174560546875,-0.04427081346511841,-0.05214470624923706,-0.0696258544921875,-0.051250576972961426,-0.08706283569335938,-0.04912710189819336,0.01100093126296997,-0.034520864486694336,-0.024622440338134766,0.01430898904800415,-0.03758716583251953,0.03393065929412842,-0.0406840443611145,0.036409199237823486,0.031935930252075195,-0.0014609098434448242,-0.002702653408050537,0.042222440242767334,-0.018734395503997803,0.050527215003967285,-0.024969100952148438,0.04542165994644165
one_finger_circle,0.019601047039031982,0.05496490001678467,-0.014855563640594482,0.05922973155975342,-0.042008399963378906,0.06071346998214722,-0.047141849994659424,0.07039397954940796,-0.04270738363265991,0.08752155303955078,-0.05109083652496338,-0.030630648136138916,-0.08202725648880005,-0.01314777135848999,-0.07514852285385132,0.007579386234283447,-0.06431728601455688,0.01665598154067993,-0.022376656532287598,-0.03541862964630127,-0.04897588491439819,-0.020547807216644287,-0.05311840772628784,-1.800060272216797e-05,-0.05193895101547241,0.01617962121963501,0.008649766445159912,-0.021809101104736328,-0.014529764652252197,0.004023492336273193,-0.02383124828338623,0.0344354510307312,-0.027421534061431885,0.055310964584350586,0.03786247968673706,0.00357133150100708,0.015112221240997314,0.031292855739593506,0.0014052391052246094,0.055015385150909424,-0.0062143802642822266,0.07145440578460693
one_finger_circle,0.019624292850494385,0.06782186031341553,-0.012490391731262207,0.06665116548538208,-0.03841590881347656,0.06441861391067505,-0.04101896286010742,0.07872897386550903,-0.02987152338027954,0.0992162823677063,-0.038678646087646484,-0.03428107500076294,-0.06836676597595215,0.004569947719573975,-0.06446075439453125,0.02913343906402588,-0.05502218008041382,0.033957064151763916,-0.008202433586120605,-0.03351098299026489,-0.036744773387908936,0.012965142726898193,-0.038718581199645996,0.03366595506668091,-0.036398351192474365,0.03979295492172241,0.022354423999786377,-0.01271754503250122,-0.005469620227813721,0.04508274793624878,-0.010402679443359375,0.06966441869735718,-0.009813964366912842,0.07637029886245728,0.04819691181182861,0.01797693967819214,0.020856022834777832,0.06156659126281738,0.010508120059967041,0.07924127578735352,0.007546663284301758,0.08419573307037354
one_finger_circle,0.025868892669677734,0.0610162615776062,-0.004962027072906494,0.07345181703567505,-0.02786797285079956,0.08621561527252197,-0.021350860595703125,0.10776925086975098,0.005785584449768066,0.12302792072296143,-0.0180891752243042,-0.012779474258422852,-0.023886024951934814,0.0528375506401062,-0.020648837089538574,0.075741708278656,-0.018381595611572266,0.06599467992782593,0.01471477746963501,-0.01259070634841919,0.012351036071777344,0.07044064998626709,0.004788875579833984,0.08722871541976929,-0.0018859505653381348,0.07408350706100464,0.04368460178375244,0.003980159759521484,0.03901207447052002,0.08155977725982666,0.025273263454437256,0.09224849939346313,0.0159187912940979,0.08008158206939697,0.06534504890441895,0.027318120002746582,0.05827575922012329,0.0840945839881897,0.0445597767829895,0.09378582239151001,0.03654223680496216,0.08792871236801147
one_finger_circle,0.03167599439620972,0.08874458074569702,0.0003495216369628906,0.10270684957504272,-0.020973920822143555,0.10837799310684204,-0.005774259567260742,0.1211158037185669,0.023210763931274414,0.1276768445968628,-0.017086684703826904,0.0007762312889099121,-0.008172571659088135,0.06268686056137085,-0.002628803253173828,0.08890563249588013,0.002064228057861328,0.08252942562103271,0.012742161750793457,-0.005087316036224365,0.025976836681365967,0.06621599197387695,0.023051977157592773,0.09242326021194458,0.01921182870864868,0.08717912435531616,0.04009270668029785,0.004257321357727051,0.05102938413619995,0.07335418462753296,0.04198819398880005,0.09461468458175659,0.03306347131729126,0.09044498205184937,0.06434398889541626,0.021588802337646484,0.06903612613677979,0.07011204957962036,0.05863630771636963,0.08905762434005737,0.04956108331680298,0.09069472551345825
one_finger_circle,0.032601237297058105,0.06425756216049194,0.009489715099334717,0.08220380544662476,0.0022968649864196777,0.09738677740097046,0.02634871006011963,0.11609750986099243,0.056102871894836426,0.12739700078964233,0.0030371546745300293,0.011512458324432373,0.0370597243309021,0.0606921911239624,0.04967314004898071,0.0766909122467041,0.06125301122665405,0.0812293291091919,0.02975982427597046,0.005562722682952881,0.05734759569168091,0.054023802280426025,0.07066583633422852,0.07246571779251099,0.08303040266036987,0.0810052752494812,0.05153381824493408,0.013621389865875244,0.06943601369857788,0.059723496437072754,0.07732665538787842,0.07838797569274902,0.08345150947570801,0.08937966823577881,0.06886255741119385,0.029810667037963867,0.07423490285873413,0.06373512744903564,0.07609838247299194,0.08156472444534302,0.07981336116790771,0.09300273656845093
one_finger_circle,0.017138659954071045,0.01634204387664795,0.006712853908538818,0.06819260120391846,0.025839686393737793,0.11470580101013184,0.05936998128890991,0.13380199670791626,0.09427851438522339,0.13001132011413574,0.02729123830795288,0.022525489330291748,0.07723909616470337,0.04753762483596802,0.11324620246887207,0.060562849044799805,0.14246344566345215,0.06491869688034058,0.0548514723777771,0.0033792853355407715,0.09553426504135132,0.07253199815750122,0.08082854747772217,0.09450829029083252,0.06037414073944092,0.08757537603378296,0.07606691122055054,0.0013257265090942383,0.1043168306350708,0.06755262613296509,0.08537149429321289,0.08624202013015747,0.06826567649841309,0.07781660556793213,0.09162706136703491,0.005521714687347412,0.11455535888671875,0.05976778268814087,0.09767723083496094,0.07226479053497314,0.08177649974822998,0.06462258100509644
one_finger_circle,0.03709632158279419,0.04255712032318115,0.028868794441223145,0.07867562770843506,0.04809623956680298,0.10090911388397217,0.08323955535888672,0.1132955551147461,0.11358857154846191,0.11331719160079956,0.04871326684951782,0.023014605045318604,0.10230106115341187,0.026875734329223633,0.14055967330932617,0.029151618480682373,0.1725204586982727,0.02641528844833374,0.07278335094451904,0.008119285106658936,0.11656177043914795,0.07389581203460693,0.09766167402267456,0.09197306632995605,0.0760122537612915,0.08384555578231812,0.09280472993850708,0.008462667465209961,0.12232321500778198,0.0708150863647461,0.10223811864852905,0.08560991287231445,0.08528637886047363,0.07813239097595215,0.10897195339202881,0.015697181224822998,0.13113313913345337,0.06370794773101807,0.11344361305236816,0.07452654838562012,0.09835541248321533,0.06865870952606201
one_finger_circle,0.05405008792877197,0.051231980323791504,0.04512584209442139,0.04859769344329834,0.0641411542892456,0.05944746732711792,0.0969887375831604,0.08179205656051636,0.12651455402374268,0.09612429141998291,0.04790586233139038,0.015354692935943604,0.09406423568725586,0.0031818747520446777,0.1370333433151245,-0.0018556714057922363,0.17074847221374512,-0.0040291547775268555,0.07290458679199219,0.02776467800140381,0.11582869291305542,0.0699647068977356,0.11398196220397949,0.08528774976730347,0.10013961791992188,0.08358073234558105,0.09635847806930542,0.047357916831970215,0.12915349006652832,0.08850789070129395,0.11794310808181763,0.09140688180923462,0.09977203607559204,0.08153104782104492,0.1174849271774292,0.06373172998428345,0.13827955722808838,0.09565567970275879,0.12414634227752686,0.09611570835113525,0.10845249891281128,0.08807247877120972
one_finger_circle,0.049152255058288574,0.05001723766326904,0.04367482662200928,0.07527875900268555,0.06912368535995483,0.09232074022293091,0.10809522867202759,0.0993114709854126,0.1399850845336914,0.08927303552627563,0.07151013612747192,-0.0005328655242919922,0.12063241004943848,-0.011702477931976318,0.15988487005233765,-0.016616761684417725,0.19106519222259521,-0.02647411823272705,0.09874248504638672,-0.008341491222381592,0.1401488184928894,0.04082012176513672,0.12136799097061157,0.07088559865951538,0.09908825159072876,0.06997895240783691,0.1189926266670227,-0.0007470846176147461,0.14339494705200195,0.05409175157546997,0.12205076217651367,0.0742647647857666,0.10472428798675537,0.06499379873275757,0.13259345293045044,0.013125061988830566,0.14708054065704346,0.058448731899261475,0.127813458442688,0.0738726258277893,0.1120758056640625,0.0667722225189209
one_finger_circle,0.07483929395675659,0.058228254318237305,0.06321030855178833,0.05385315418243408,0.08243930339813232,0.038971781730651855,0.11755800247192383,0.04387307167053223,0.14479339122772217,0.03976762294769287,0.09251052141189575,-0.03423827886581421,0.13075244426727295,-0.05639994144439697,0.16274839639663696,-0.06962317228317261,0.1882995367050171,-0.08358442783355713,0.11859893798828125,-0.02599114179611206,0.14482182264328003,0.012625038623809814,0.1275014877319336,0.04761683940887451,0.11068391799926758,0.05576932430267334,0.1374359130859375,-0.008571088314056396,0.15569281578063965,0.032147884368896484,0.1339282989501953,0.054168522357940674,0.11683708429336548,0.04991024732589722,0.14885538816452026,0.010473191738128662,0.1581021547317505,0.0455508828163147,0.140788733959198,0.06072545051574707,0.12760066986083984,0.05588787794113159
one_finger_circle,0.07549452781677246,0.04796576499938965,0.06711184978485107,0.04999804496765137,0.0915490984916687,0.03494828939437866,0.1290339231491089,0.03337419033050537,0.15774941444396973,0.02343541383743286,0.09422343969345093,-0.05017608404159546,0.13193416595458984,-0.08128851652145386,0.1617145538330078,-0.09961163997650146,0.1858290433883667,-0.11986124515533447,0.11897069215774536,-0.04491144418716431,0.14699339866638184,-0.011501967906951904,0.13045436143875122,0.02670806646347046,0.11364144086837769,0.03514665365219116,0.13662189245224,-0.029519975185394287,0.15394234657287598,0.008446991443634033,0.13238948583602905,0.034277141094207764,0.1156543493270874,0.029470503330230713,0.1463335156440735,-0.010448694229125977,0.15490025281906128,0.02440398931503296,0.13775348663330078,0.0406113862991333,0.12402379512786865,0.0355868935585022
one_finger_circle,0.07826846837997437,0.0342903733253479,0.07696288824081421,0.03366512060165405,0.09702414274215698,0.0065767765045166016,0.12917554378509521,-0.01445680856704712,0.15386778116226196,-0.03668934106826782,0.08186936378479004,-0.08307945728302002,0.11884766817092896,-0.13306862115859985,0.14984023571014404,-0.16509300470352173,0.1732369065284729,-0.1945926547050476,0.10418158769607544,-0.0854601263999939,0.13436299562454224,-0.1294713020324707,0.15772253274917603,-0.15836524963378906,0.17551511526107788,-0.18861538171768188,0.12278765439987183,-0.07419055700302124,0.15005093812942505,-0.053709447383880615,0.13836205005645752,-0.02065300941467285,0.12376940250396729,-0.011011898517608643,0.13435322046279907,-0.05480313301086426,0.1521340012550354,-0.034380972385406494,0.14044523239135742,-0.012621402740478516,0.12446993589401245,-0.007820487022399902
one_finger_circle,0.08258670568466187,0.030912399291992188,0.07570773363113403,0.020739257335662842,0.0883946418762207,-0.008586525917053223,0.11969536542892456,-0.031273841857910156,0.14277750253677368,-0.05922234058380127,0.07791602611541748,-0.0999598503112793,0.10936558246612549,-0.15734750032424927,0.13738185167312622,-0.19526585936546326,0.15933698415756226,-0.2277694046497345,0.10187309980392456,-0.09774953126907349,0.12523621320724487,-0.15378499031066895,0.14680099487304688,-0.19019025564193726,0.16466683149337769,-0.22515380382537842,0.12213414907455444,-0.0818292498588562,0.14558380842208862,-0.062441110610961914,0.13290554285049438,-0.024916887283325195,0.11851119995117188,-0.011434555053710938,0.13498932123184204,-0.058803558349609375,0.14908039569854736,-0.041256844997406006,0.13768017292022705,-0.01571553945541382,0.12301838397979736,-0.009332478046417236
one_finger_circle,0.07784914970397949,0.023348748683929443,0.06363505125045776,0.0013761520385742188,0.07122534513473511,-0.03997617959976196,0.10437214374542236,-0.07088238000869751,0.12872225046157837,-0.09447789192199707,0.06286287307739258,-0.1312873363494873,0.08370053768157959,-0.19519302248954773,0.10409200191497803,-0.2384505271911621,0.1221005916595459,-0.2729543447494507,0.0871228575706482,-0.12915903329849243,0.10152286291122437,-0.1965174674987793,0.12059485912322998,-0.23750677704811096,0.13899415731430054,-0.2753574848175049,0.10698044300079346,-0.11289012432098389,0.12673991918563843,-0.1061469316482544,0.11773312091827393,-0.06435328722000122,0.10709637403488159,-0.04490000009536743,0.1202390193939209,-0.08589017391204834,0.13186490535736084,-0.08088499307632446,0.12216919660568237,-0.051685631275177,0.10781967639923096,-0.03640389442443848
one_finger_circle,0.07389289140701294,0.01885247230529785,0.054084181785583496,-0.0074846744537353516,0.057996511459350586,-0.05165302753448486,0.09053254127502441,-0.08730268478393555,0.11571967601776123,-0.1149027943611145,0.05224388837814331,-0.14256620407104492,0.06994986534118652,-0.2097932994365692,0.08889007568359375,-0.25587689876556396,0.10584121942520142,-0.292860209941864,0.07713711261749268,-0.14005696773529053,0.08816355466842651,-0.2133834958076477,0.10523313283920288,-0.2567213773727417,0.12195456027984619,-0.2951047420501709,0.09802830219268799,-0.12216013669967651,0.11607223749160767,-0.12101536989212036,0.10618776082992554,-0.07874131202697754,0.0952146053314209,-0.05754566192626953,0.11290514469146729,-0.09317362308502197,0.12364137172698975,-0.09453445672988892,0.11336153745651245,-0.06429886817932129,0.09918349981307983,-0.046929776668548584
one_finger_circle,0.060482025146484375,0.010304868221282959,0.03563278913497925,-0.02192622423171997,0.035629987716674805,-0.0739051103591919,0.06589663028717041,-0.11079627275466919,0.09002715349197388,-0.1323162317276001,0.0291287899017334,-0.16290026903152466,0.04033452272415161,-0.23177111148834229,0.05364787578582764,-0.27834540605545044,0.06539463996887207,-0.3159559369087219,0.055246055126190186,-0.15708208084106445,0.06094515323638916,-0.2346227765083313,0.07374387979507446,-0.2823931574821472,0.08628231287002563,-0.3217658996582031,0.07954049110412598,-0.13469856977462769,0.09176468849182129,-0.13522207736968994,0.08196437358856201,-0.0915871262550354,0.07209587097167969,-0.06678026914596558,0.09794473648071289,-0.10336077213287354,0.10217791795730591,-0.10619354248046875,0.09093666076660156,-0.07298046350479126,0.07932639122009277,-0.052001774311065674
one_finger_circle,0.054350852966308594,0.007503926753997803,0.026634156703948975,-0.028057873249053955,0.02519392967224121,-0.08134996891021729,0.0554194450378418,-0.11906063556671143,0.07839232683181763,-0.1418120265007019,0.019385814666748047,-0.17004799842834473,0.028219282627105713,-0.2399204671382904,0.03903496265411377,-0.28707200288772583,0.04842233657836914,-0.32503804564476013,0.04635041952133179,-0.16253381967544556,0.04904979467391968,-0.241247296333313,0.05848538875579834,-0.28821736574172974,0.06824016571044922,-0.3257178068161011,0.07162594795227051,-0.13753920793533325,0.08092188835144043,-0.1452006697654724,0.07082217931747437,-0.10166245698928833,0.06117427349090576,-0.07661336660385132,0.09139090776443481,-0.10257828235626221,0.09463393688201904,-0.11426591873168945,0.08198684453964233,-0.07991141080856323,0.0694701075553894,-0.05735880136489868
one_finger_circle,0.04551059007644653,0.003360152244567871,0.017084240913391113,-0.03362095355987549,0.013060688972473145,-0.0876818299293518,0.042702436447143555,-0.12443292140960693,0.069430410861969,-0.141230046749115,0.00946122407913208,-0.17271751165390015,0.015055537223815918,-0.24209386110305786,0.023650527000427246,-0.2872021794319153,0.030342280864715576,-0.3248239755630493,0.03682124614715576,-0.167555570602417,0.03840905427932739,-0.24550825357437134,0.044951021671295166,-0.290289044380188,0.05120927095413208,-0.3283012807369232,0.06208521127700806,-0.14489781856536865,0.06919658184051514,-0.15172100067138672,0.05923199653625488,-0.11009973287582397,0.04954320192337036,-0.0855560302734375,0.0817752480506897,-0.11145418882369995,0.08416706323623657,-0.12247598171234131,0.07175594568252563,-0.09004825353622437,0.059478700160980225,-0.06783801317214966
one_finger_circle,0.03130453824996948,0.0019175410270690918,-0.0007851719856262207,-0.03392636775970459,-0.009348511695861816,-0.08709806203842163,0.015499770641326904,-0.1255839467048645,0.042012035846710205,-0.14649295806884766,-0.005731403827667236,-0.17624223232269287,-0.0027559995651245117,-0.24825114011764526,0.0027331113815307617,-0.2933119833469391,0.00717008113861084,-0.3312830924987793,0.023861169815063477,-0.17103707790374756,0.025075435638427734,-0.2497568130493164,0.02853327989578247,-0.2976621091365814,0.03168082237243652,-0.3368646800518036,0.05155378580093384,-0.14892280101776123,0.05091965198516846,-0.15555304288864136,0.03904074430465698,-0.1132093071937561,0.030020177364349365,-0.08704012632369995,0.07279008626937866,-0.1169428825378418,0.06855595111846924,-0.12563544511795044,0.05250358581542969,-0.09171909093856812,0.03859943151473999,-0.06800222396850586
one_finger_circle,0.029126107692718506,0.004412055015563965,-0.0049332380294799805,-0.03086531162261963,-0.017729461193084717,-0.08444416522979736,0.004943132400512695,-0.12578803300857544,0.03325676918029785,-0.14758151769638062,-0.012703001499176025,-0.17388063669204712,-0.011260449886322021,-0.24376735091209412,-0.007419764995574951,-0.28778916597366333,-0.0035964250564575195,-0.32642990350723267,0.016930460929870605,-0.17180681228637695,0.013186633586883545,-0.24832665920257568,0.013491511344909668,-0.2956618666648865,0.015476465225219727,-0.33752697706222534,0.04452013969421387,-0.1507745385169983,0.039894044399261475,-0.15996557474136353,0.027281522750854492,-0.11852359771728516,0.019826054573059082,-0.09192526340484619,0.06544852256774902,-0.11798036098480225,0.05418586730957031,-0.12067097425460815,0.036029815673828125,-0.08814775943756104,0.023524045944213867,-0.06633239984512329
one_finger_circle,0.0197487473487854,0.00013595819473266602,-0.015113651752471924,-0.03329437971115112,-0.030900120735168457,-0.08574074506759644,-0.010777711868286133,-0.12450981140136719,0.01624476909637451,-0.14490097761154175,-0.026132285594940186,-0.1708313226699829,-0.029031097888946533,-0.24098598957061768,-0.02953583002090454,-0.28476688265800476,-0.028889834880828857,-0.3223465085029602,0.004206359386444092,-0.17250865697860718,-0.0012687444686889648,-0.24808001518249512,-0.005208611488342285,-0.295836865901947,-0.006452083587646484,-0.3369019329547882,0.03340023756027222,-0.1545690894126892,0.02198505401611328,-0.16117000579833984,0.008929610252380371,-0.12081807851791382,0.003888726234436035,-0.09321767091751099,0.05523407459259033,-0.12455540895462036,0.0354154109954834,-0.11757510900497437,0.01611924171447754,-0.08761942386627197,0.005926012992858887,-0.06703191995620728
one_finger_circle,0.015689492225646973,0.004403352737426758,-0.01984316110610962,-0.02894526720046997,-0.038196682929992676,-0.08241105079650879,-0.019671618938446045,-0.12037640810012817,0.008959054946899414,-0.13605201244354248,-0.03037053346633911,-0.16462081670761108,-0.03522217273712158,-0.23621711134910583,-0.03689485788345337,-0.28046149015426636,-0.0365900993347168,-0.31747961044311523,0.00012534856796264648,-0.1682336926460266,-0.00720900297164917,-0.24355709552764893,-0.013074934482574463,-0.29167884588241577,-0.015812695026397705,-0.3320261836051941,0.029558837413787842,-0.1518459916114807,0.014429271221160889,-0.1578468680381775,0.002873659133911133,-0.11937618255615234,-0.00017696619033813477,-0.09232461452484131,0.05123770236968994,-0.12285399436950684,0.0287896990776062,-0.11424064636230469,0.010934889316558838,-0.08576333522796631,0.003446221351623535,-0.06581825017929077
one_finger_circle,0.011917412281036377,0.005223751068115234,-0.023823559284210205,-0.027644991874694824,-0.042487502098083496,-0.0785401463508606,-0.02593827247619629,-0.1143043041229248,0.002255260944366455,-0.12881994247436523,-0.035080015659332275,-0.16433554887771606,-0.04059189558029175,-0.23400118947029114,-0.04343461990356445,-0.2776467204093933,-0.04422414302825928,-0.3140842616558075,-0.00414729118347168,-0.1676928997039795,-0.01283174753189087,-0.24021393060684204,-0.019510269165039062,-0.2882499098777771,-0.02304297685623169,-0.327969491481781,0.025842010974884033,-0.1510218381881714,0.008748471736907959,-0.1545877456665039,-0.002291560173034668,-0.11730408668518066,-0.004829466342926025,-0.09097421169281006,0.04771625995635986,-0.12182021141052246,0.022041797637939453,-0.10866856575012207,0.004773914813995361,-0.0797504186630249,-0.0015575885772705078,-0.059875428676605225
one_finger_circle,0.012408554553985596,0.00438237190246582,-0.02365744113922119,-0.025624215602874756,-0.04308211803436279,-0.07444310188293457,-0.026929140090942383,-0.11098974943161011,0.00014913082122802734,-0.12659627199172974,-0.03566455841064453,-0.16019052267074585,-0.041236817836761475,-0.23058927059173584,-0.04412418603897095,-0.2747502028942108,-0.04562652111053467,-0.3119107484817505,-0.004606962203979492,-0.1639196276664734,-0.0121992826461792,-0.23944780230522156,-0.019199490547180176,-0.28828495740890503,-0.023851454257965088,-0.32831090688705444,0.02521306276321411,-0.14790725708007812,0.008953690528869629,-0.1540287733078003,-0.0029294490814208984,-0.11657023429870605,-0.006753504276275635,-0.08990478515625,0.0470890998840332,-0.11954516172409058,0.023470401763916016,-0.10914957523345947,0.00475996732711792,-0.08019548654556274,-0.004135072231292725,-0.05983000993728638
one_finger_circle,0.012585461139678955,0.004060089588165283,-0.022821426391601562,-0.025119364261627197,-0.041355669498443604,-0.07540357112884521,-0.022650420665740967,-0.11271315813064575,0.004562556743621826,-0.13097184896469116,-0.03468775749206543,-0.16161799430847168,-0.04078328609466553,-0.23322147130966187,-0.04264301061630249,-0.277736634016037,-0.042780399322509766,-0.31471124291419983,-0.00406569242477417,-0.16440635919570923,-0.01146620512008667,-0.23834460973739624,-0.017001450061798096,-0.2862214744091034,-0.020050227642059326,-0.32486602663993835,0.025128066539764404,-0.14837563037872314,0.012265503406524658,-0.1553136706352234,0.0004025101661682129,-0.11885064840316772,-0.004076838493347168,-0.09220361709594727,0.04649937152862549,-0.12051892280578613,0.02610480785369873,-0.11195743083953857,0.007587552070617676,-0.08202338218688965,-0.002319514751434326,-0.06032383441925049
one_finger_circle,0.01387631893157959,0.005955755710601807,-0.02217632532119751,-0.02413409948348999,-0.039620161056518555,-0.07591253519058228,-0.020712196826934814,-0.11278057098388672,0.006631433963775635,-0.1291024088859558,-0.033942222595214844,-0.16032397747039795,-0.0397304892539978,-0.23229306936264038,-0.04160267114639282,-0.2769433259963989,-0.04170292615890503,-0.3137788772583008,-0.003123342990875244,-0.1623619794845581,-0.01068127155303955,-0.2366621494293213,-0.016142606735229492,-0.2846454381942749,-0.018423855304718018,-0.32370835542678833,0.025914251804351807,-0.14514470100402832,0.013709068298339844,-0.1510934829711914,0.0012538433074951172,-0.11440229415893555,-0.0030324459075927734,-0.08868634700775146,0.046430766582489014,-0.11593359708786011,0.02644813060760498,-0.10665476322174072,0.009889483451843262,-0.07783418893814087,0.002917766571044922,-0.05822831392288208
one_finger_circle,0.0,0.0,-0.03368645906448364,-0.03021484613418579,-0.04966235160827637,-0.08042103052139282,-0.02814614772796631,-0.1139516830444336,-0.0003731846809387207,-0.13036459684371948,-0.042103350162506104,-0.16971945762634277,-0.04199361801147461,-0.2394457757472992,-0.038823604583740234,-0.28338098526000977,-0.03529471158981323,-0.3202478885650635,-0.011850357055664062,-0.17107760906219482,-0.013267576694488525,-0.24396443367004395,-0.014312922954559326,-0.2907183766365051,-0.014305531978607178,-0.32907694578170776,0.016212821006774902,-0.15359032154083252,0.011235535144805908,-0.15650087594985962,-0.002196192741394043,-0.11931538581848145,-0.010352909564971924,-0.09383392333984375,0.03725367784500122,-0.12383776903152466,0.023861348628997803,-0.10955005884170532,0.00452423095703125,-0.07918846607208252,-0.008904695510864258,-0.05948364734649658
one_finger_circle,-0.001268923282623291,-0.0003580451011657715,-0.03489416837692261,-0.03185415267944336,-0.05129551887512207,-0.08395862579345703,-0.02963477373123169,-0.11830973625183105,-0.0001888871192932129,-0.13259726762771606,-0.04274338483810425,-0.17167150974273682,-0.042523205280303955,-0.24078288674354553,-0.039523541927337646,-0.284468412399292,-0.03606992959976196,-0.32109594345092773,-0.01236492395401001,-0.17215758562088013,-0.01460641622543335,-0.24435704946517944,-0.016172587871551514,-0.2916613817214966,-0.016163527965545654,-0.3305737376213074,0.016402125358581543,-0.1536385416984558,0.011139154434204102,-0.1592775583267212,-0.0026646852493286133,-0.12092596292495728,-0.010320127010345459,-0.09378021955490112,0.03774756193161011,-0.12272250652313232,0.022915184497833252,-0.1132131814956665,0.004210710525512695,-0.08353304862976074,-0.0072174072265625,-0.06312751770019531
one_finger_circle,-0.004001438617706299,-0.006436407566070557,-0.03833508491516113,-0.03562837839126587,-0.05678725242614746,-0.08728861808776855,-0.036793649196624756,-0.12358534336090088,-0.008314788341522217,-0.14100724458694458,-0.050037264823913574,-0.17423373460769653,-0.05165034532546997,-0.24367451667785645,-0.05045217275619507,-0.28760918974876404,-0.04832577705383301,-0.32400384545326233,-0.01931101083755493,-0.1750311255455017,-0.02233785390853882,-0.24775198101997375,-0.025627553462982178,-0.2944525480270386,-0.026870906352996826,-0.33375900983810425,0.010041773319244385,-0.15762251615524292,-0.0016034245491027832,-0.1606760025024414,-0.013742506504058838,-0.12280476093292236,-0.017911970615386963,-0.09793245792388916,0.03186076879501343,-0.12860769033432007,0.011457622051239014,-0.11790955066680908,-0.006718873977661133,-0.08825063705444336,-0.015369236469268799,-0.06929779052734375
one_finger_circle,-0.012458264827728271,-0.00894629955291748,-0.047229230403900146,-0.03718698024749756,-0.06771576404571533,-0.08557647466659546,-0.0517803430557251,-0.11934208869934082,-0.026212990283966064,-0.13723373413085938,-0.06279510259628296,-0.17290669679641724,-0.06848371028900146,-0.2437865138053894,-0.07082819938659668,-0.2885122299194336,-0.07151800394058228,-0.3261619210243225,-0.031166374683380127,-0.1771804690361023,-0.03908199071884155,-0.2503167688846588,-0.04594457149505615,-0.29803454875946045,-0.05062079429626465,-0.33703944087028503,-0.0009534955024719238,-0.16228187084197998,-0.019363701343536377,-0.16134321689605713,-0.029629528522491455,-0.12629985809326172,-0.03190356492996216,-0.10150271654129028,0.020717501640319824,-0.1352289319038391,-0.005852758884429932,-0.11598330736160278,-0.023031413555145264,-0.08604162931442261,-0.029670536518096924,-0.0661247968673706
one_finger_circle,-0.018696486949920654,-0.013246476650238037,-0.05510157346725464,-0.03797614574432373,-0.07788962125778198,-0.08282935619354248,-0.06519991159439087,-0.11804550886154175,-0.042602717876434326,-0.137187659740448,-0.07546788454055786,-0.17093998193740845,-0.08565008640289307,-0.23886680603027344,-0.09109210968017578,-0.28222447633743286,-0.09372448921203613,-0.319208025932312,-0.04399275779724121,-0.17832130193710327,-0.05735290050506592,-0.24860969185829163,-0.0679936408996582,-0.2944551706314087,-0.0751568078994751,-0.33328622579574585,-0.013621747493743896,-0.16515278816223145,-0.034504711627960205,-0.1634845733642578,-0.04475623369216919,-0.12738364934921265,-0.046733558177948,-0.10181158781051636,0.00824117660522461,-0.13843637704849243,-0.019874393939971924,-0.11949622631072998,-0.036716580390930176,-0.09076792001724243,-0.04257369041442871,-0.0716293454170227
one_finger_circle,-0.022742033004760742,-0.011187493801116943,-0.06149935722351074,-0.0326198935508728,-0.0882769227027893,-0.07358258962631226,-0.08309745788574219,-0.10836231708526611,-0.06098693609237671,-0.12602967023849487,-0.08569538593292236,-0.1661631464958191,-0.10040372610092163,-0.23190337419509888,-0.11009860038757324,-0.27459245920181274,-0.11602747440338135,-0.3115561604499817,-0.054257750511169434,-0.17782431840896606,-0.07427400350570679,-0.24429351091384888,-0.08863109350204468,-0.2886844277381897,-0.09907025098800659,-0.32693058252334595,-0.023395299911499023,-0.16748416423797607,-0.049537599086761475,-0.15945380926132202,-0.059102416038513184,-0.12481015920639038,-0.06058001518249512,-0.10123300552368164,-0.0019109249114990234,-0.14187926054000854,-0.03480648994445801,-0.11208820343017578,-0.05017632246017456,-0.084328293800354,-0.054630935192108154,-0.06750774383544922
one_finger_circle,-0.025739550590515137,-0.012731432914733887,-0.06632912158966064,-0.031799495220184326,-0.09646844863891602,-0.06698775291442871,-0.09877997636795044,-0.09996342658996582,-0.07379335165023804,-0.1128738522529602,-0.0930892825126648,-0.1589452624320984,-0.11141186952590942,-0.22301042079925537,-0.12491345405578613,-0.26362237334251404,-0.1333845555782318,-0.2987901568412781,-0.06297582387924194,-0.17229396104812622,-0.08707910776138306,-0.234968364238739,-0.10536611080169678,-0.2770441770553589,-0.11992451548576355,-0.3142467737197876,-0.03254103660583496,-0.1631486415863037,-0.06504631042480469,-0.14656996726989746,-0.07092595100402832,-0.10977238416671753,-0.06837129592895508,-0.08927351236343384,-0.012128174304962158,-0.13735121488571167,-0.04920792579650879,-0.09998416900634766,-0.060496985912323,-0.06925100088119507,-0.059966325759887695,-0.052619755268096924
one_finger_circle,-0.02420961856842041,-0.0076448917388916016,-0.06799823045730591,-0.028633952140808105,-0.10211330652236938,-0.0620572566986084,-0.10828036069869995,-0.09028303623199463,-0.08571869134902954,-0.09593868255615234,-0.09665775299072266,-0.15233182907104492,-0.12064740061759949,-0.21129992604255676,-0.13705700635910034,-0.24903035163879395,-0.14813730120658875,-0.28185784816741943,-0.06746131181716919,-0.16485661268234253,-0.09725481271743774,-0.22330302000045776,-0.11794739961624146,-0.2621726393699646,-0.13372370600700378,-0.29749226570129395,-0.03803074359893799,-0.1536692976951599,-0.0743517279624939,-0.13389933109283447,-0.07876962423324585,-0.09901559352874756,-0.07361704111099243,-0.08231967687606812,-0.01903700828552246,-0.12453317642211914,-0.05874669551849365,-0.08261102437973022,-0.06920784711837769,-0.05396854877471924,-0.06717556715011597,-0.041065514087677
one_finger_circle,-0.021561920642852783,-0.004960238933563232,-0.07225322723388672,-0.02320683002471924,-0.10624206066131592,-0.05137777328491211,-0.11645454168319702,-0.0766414999961853,-0.09463322162628174,-0.08477652072906494,-0.10039180517196655,-0.141587495803833,-0.12929034233093262,-0.19667765498161316,-0.14909803867340088,-0.23168131709098816,-0.1631908416748047,-0.26273971796035767,-0.07251328229904175,-0.15507781505584717,-0.10548615455627441,-0.20634499192237854,-0.13072332739830017,-0.24083873629570007,-0.15183168649673462,-0.27495092153549194,-0.04431962966918945,-0.14504027366638184,-0.08846992254257202,-0.11240261793136597,-0.08693081140518188,-0.0781211256980896,-0.07630890607833862,-0.07109129428863525,-0.027595043182373047,-0.11534124612808228,-0.0704910159111023,-0.06636053323745728,-0.07212287187576294,-0.04174739122390747,-0.06132560968399048,-0.03905069828033447
one_finger_circle,-0.01909548044204712,-0.004339456558227539,-0.07164371013641357,-0.021904051303863525,-0.10586667060852051,-0.047338783740997314,-0.12118515372276306,-0.07198458909988403,-0.10014700889587402,-0.07816171646118164,-0.10151952505111694,-0.13809162378311157,-0.13341164588928223,-0.19129395484924316,-0.15456950664520264,-0.22432279586791992,-0.169965922832489,-0.2536107897758484,-0.07483774423599243,-0.15196001529693604,-0.11016499996185303,-0.20155158638954163,-0.13661426305770874,-0.23325639963150024,-0.15951257944107056,-0.26545074582099915,-0.04778599739074707,-0.14259827136993408,-0.09503388404846191,-0.10245770215988159,-0.0901607871055603,-0.06860947608947754,-0.07691043615341187,-0.0653228759765625,-0.031953513622283936,-0.1133120059967041,-0.07721388339996338,-0.060896337032318115,-0.07512211799621582,-0.03767937421798706,-0.06178712844848633,-0.03802680969238281
one_finger_circle,-0.015391290187835693,-0.005737900733947754,-0.07331615686416626,-0.017679274082183838,-0.11031264066696167,-0.04280805587768555,-0.1300218403339386,-0.06145399808883667,-0.11256498098373413,-0.06332677602767944,-0.10495316982269287,-0.13536059856414795,-0.13998153805732727,-0.17976737022399902,-0.162987619638443,-0.21064496040344238,-0.1795298457145691,-0.23655971884727478,-0.07814335823059082,-0.1463901400566101,-0.11825364828109741,-0.19026100635528564,-0.1489417552947998,-0.21785908937454224,-0.17345815896987915,-0.24437105655670166,-0.05280202627182007,-0.1342839002609253,-0.10526752471923828,-0.09125488996505737,-0.09772604703903198,-0.05714327096939087,-0.08333969116210938,-0.058995604515075684,-0.037024855613708496,-0.10334724187850952,-0.08619606494903564,-0.0488666296005249,-0.0791364312171936,-0.02719855308532715,-0.06290817260742188,-0.03326094150543213
one_finger_circle,-0.011386275291442871,-0.009861648082733154,-0.06593012809753418,-0.017390310764312744,-0.10228633880615234,-0.03561437129974365,-0.1289934515953064,-0.04680424928665161,-0.12650829553604126,-0.0514373779296875,-0.1045757532119751,-0.12871873378753662,-0.1436687707901001,-0.16353046894073486,-0.17056238651275635,-0.18953919410705566,-0.18965372443199158,-0.21172785758972168,-0.08052963018417358,-0.1370357871055603,-0.1293887197971344,-0.17460787296295166,-0.16180014610290527,-0.19623339176177979,-0.18784981966018677,-0.21952202916145325,-0.056713223457336426,-0.12281572818756104,-0.1114153265953064,-0.07332706451416016,-0.10373044013977051,-0.0444493293762207,-0.09035235643386841,-0.05097860097885132,-0.04099619388580322,-0.08952265977859497,-0.09029275178909302,-0.032068073749542236,-0.08304721117019653,-0.014398813247680664,-0.06870061159133911,-0.025039613246917725
one_finger_circle,-0.010263562202453613,-0.01252281665802002,-0.06179410219192505,-0.020883381366729736,-0.09960198402404785,-0.03739035129547119,-0.13007184863090515,-0.037070393562316895,-0.13194972276687622,-0.0316929817199707,-0.10503900051116943,-0.12265580892562866,-0.14991584420204163,-0.1498572826385498,-0.1813313364982605,-0.16903328895568848,-0.20449140667915344,-0.184736967086792,-0.08252924680709839,-0.1288384199142456,-0.13865706324577332,-0.15726494789123535,-0.1747014820575714,-0.1706879734992981,-0.20351383090019226,-0.18707925081253052,-0.060631394386291504,-0.11341428756713867,-0.11657285690307617,-0.05783909559249878,-0.10626441240310669,-0.033119261264801025,-0.09193801879882812,-0.04384422302246094,-0.04584437608718872,-0.08136940002441406,-0.09382343292236328,-0.021335840225219727,-0.08429992198944092,-0.007474720478057861,-0.06950008869171143,-0.02055591344833374
one_finger_circle,0.0020307302474975586,-0.010700821876525879,-0.042334794998168945,-0.028951585292816162,-0.08560866117477417,-0.04642987251281738,-0.1259298026561737,-0.029100000858306885,-0.13494417071342468,-0.005283832550048828,-0.0925832986831665,-0.117317795753479,-0.14987853169441223,-0.12947285175323486,-0.1865333914756775,-0.14015406370162964,-0.21506983041763306,-0.14874058961868286,-0.07564657926559448,-0.11569434404373169,-0.14213627576828003,-0.13290154933929443,-0.18298614025115967,-0.14117014408111572,-0.21446821093559265,-0.14824610948562622,-0.059762656688690186,-0.0916486382484436,-0.11698591709136963,-0.036447227001190186,-0.10097795724868774,-0.01915609836578369,-0.0845065712928772,-0.032005250453948975,-0.049155354499816895,-0.05596494674682617,-0.09421682357788086,-0.002242147922515869,-0.07847994565963745,0.006133675575256348,-0.06179964542388916,-0.0071451663970947266
one_finger_circle,0.006773173809051514,-0.004530727863311768,-0.037058472633361816,-0.023105740547180176,-0.07985025644302368,-0.03402507305145264,-0.12016144394874573,-0.009707868099212646,-0.1345762312412262,0.015493631362915039,-0.09361255168914795,-0.09954255819320679,-0.1540265679359436,-0.09962975978851318,-0.1923964023590088,-0.10286319255828857,-0.2221544086933136,-0.10491245985031128,-0.07663547992706299,-0.09887892007827759,-0.1454581618309021,-0.10710984468460083,-0.18739274144172668,-0.10620689392089844,-0.21808472275733948,-0.10260194540023804,-0.05974078178405762,-0.07607436180114746,-0.11785554885864258,-0.01365286111831665,-0.10616856813430786,0.0031912922859191895,-0.09205251932144165,-0.007639110088348389,-0.04717808961868286,-0.04079568386077881,-0.09349650144577026,0.015988647937774658,-0.0817650556564331,0.02213108539581299,-0.06689673662185669,0.00759047269821167
one_finger_circle,0.013291895389556885,0.0009363293647766113,-0.032371461391448975,-0.01778554916381836,-0.07949167490005493,-0.018271148204803467,-0.1164858341217041,0.01665884256362915,-0.12565124034881592,0.042324602603912354,-0.09175127744674683,-0.08431339263916016,-0.14865827560424805,-0.07336670160293579,-0.1852126121520996,-0.06513088941574097,-0.2142820954322815,-0.05941396951675415,-0.07444953918457031,-0.07845979928970337,-0.1452048420906067,-0.06855690479278564,-0.18594291806221008,-0.06079322099685669,-0.21604251861572266,-0.053680598735809326,-0.056603968143463135,-0.05412733554840088,-0.11365193128585815,0.017338097095489502,-0.10395997762680054,0.029937148094177246,-0.09097898006439209,0.01833575963973999,-0.041757285594940186,-0.018668711185455322,-0.08654266595840454,0.03990674018859863,-0.07775819301605225,0.04262387752532959,-0.06394946575164795,0.025394022464752197
one_finger_circle,0.0210534930229187,-0.002945125102996826,-0.023894429206848145,-0.026028692722320557,-0.07592302560806274,-0.016299962997436523,-0.10736870765686035,0.036907076835632324,-0.1109125018119812,0.07633411884307861,-0.08973944187164307,-0.06712746620178223,-0.1446874439716339,-0.04274857044219971,-0.17871198058128357,-0.02809739112854004,-0.20594555139541626,-0.014468669891357422,-0.06996196508407593,-0.05512714385986328,-0.13218557834625244,-0.03441721200942993,-0.17137527465820312,-0.01887446641921997,-0.2013395130634308,-0.0019235014915466309,-0.048913419246673584,-0.026891469955444336,-0.09953194856643677,0.04450106620788574,-0.08229833841323853,0.04415881633758545,-0.06757307052612305,0.024058640003204346,-0.0301172137260437,0.006309211254119873,-0.07387489080429077,0.06591677665710449,-0.061650872230529785,0.0611647367477417,-0.047401368618011475,0.03989177942276001
one_finger_circle,0.017952144145965576,0.004599630832672119,-0.029406487941741943,-0.014544904232025146,-0.07888913154602051,-0.0015740394592285156,-0.10169380903244019,0.05301082134246826,-0.1004226803779602,0.09027600288391113,-0.09343475103378296,-0.05735063552856445,-0.1451488435268402,-0.031081438064575195,-0.17684364318847656,-0.013343095779418945,-0.2024388313293457,0.0013050436973571777,-0.06855976581573486,-0.04610323905944824,-0.1281571388244629,-0.017862319946289062,-0.1655806303024292,0.0014169812202453613,-0.19337183237075806,0.021364033222198486,-0.04306161403656006,-0.017956197261810303,-0.09222614765167236,0.05823063850402832,-0.07880508899688721,0.05768477916717529,-0.06593310832977295,0.03770047426223755,-0.021087050437927246,0.016237258911132812,-0.06569689512252808,0.07840371131896973,-0.057665228843688965,0.07331287860870361,-0.04525560140609741,0.05078160762786865
one_finger_circle,0.02419215440750122,0.0069653987884521484,-0.027808010578155518,-0.008534610271453857,-0.07657408714294434,0.013116776943206787,-0.09097570180892944,0.07280242443084717,-0.08392447233200073,0.10963428020477295,-0.09292662143707275,-0.033792734146118164,-0.1355176568031311,0.016103625297546387,-0.16265293955802917,0.0456271767616272,-0.18411311507225037,0.06839978694915771,-0.06382006406784058,-0.021911919116973877,-0.11417275667190552,0.023867428302764893,-0.14914166927337646,0.048125386238098145,-0.1750907301902771,0.06935399770736694,-0.0335766077041626,0.003942251205444336,-0.07868427038192749,0.08453899621963501,-0.06670081615447998,0.07760047912597656,-0.054982006549835205,0.05534297227859497,-0.006655871868133545,0.03404194116592407,-0.04575985670089722,0.09751290082931519,-0.040266573429107666,0.0871385931968689,-0.03053528070449829,0.06179898977279663
one_finger_circle,0.0321277379989624,0.010817110538482666,-0.015277385711669922,0.0004947185516357422,-0.05657452344894409,0.02893584966659546,-0.06851786375045776,0.09498226642608643,-0.06205266714096069,0.13253521919250488,-0.08166402578353882,-0.007670164108276367,-0.11497920751571655,0.047727763652801514,-0.13731762766838074,0.08392482995986938,-0.153003990650177,0.1095852255821228,-0.046248555183410645,-0.004230856895446777,-0.0910765528678894,0.058089613914489746,-0.12242716550827026,0.09579354524612427,-0.14290612936019897,0.12141060829162598,-0.013717412948608398,0.018257558345794678,-0.06036490201950073,0.10359245538711548,-0.0519639253616333,0.10290980339050293,-0.03783172369003296,0.07991588115692139,0.010319113731384277,0.04588896036148071,-0.03113645315170288,0.11896741390228271,-0.029547393321990967,0.11489635705947876,-0.019320189952850342,0.08897095918655396
one_finger_circle,0.03209817409515381,0.0026854872703552246,-0.021849215030670166,0.005318701267242432,-0.06295955181121826,0.04284578561782837,-0.08140069246292114,0.0988885760307312,-0.0884389877319336,0.13833916187286377,-0.05934673547744751,0.008185625076293945,-0.08408224582672119,0.0753985047340393,-0.09906822443008423,0.11983692646026611,-0.10866010189056396,0.15257573127746582,-0.022949159145355225,0.019169747829437256,-0.054834842681884766,0.0947713851928711,-0.06626111268997192,0.13374018669128418,-0.06708353757858276,0.1533145308494568,0.010193943977355957,0.03880387544631958,-0.028017163276672363,0.1171002984046936,-0.0389670729637146,0.13557976484298706,-0.03724724054336548,0.1316584348678589,0.03635859489440918,0.06277346611022949,-0.0014538764953613281,0.12364161014556885,-0.020644783973693848,0.13675332069396973,-0.026946425437927246,0.1311895251274109
one_finger_circle,0.03430384397506714,0.0029941201210021973,-0.007659852504730225,0.01465141773223877,-0.036835670471191406,0.059284746646881104,-0.04263800382614136,0.1163865327835083,-0.03805899620056152,0.15371310710906982,-0.03571265935897827,0.033274173736572266,-0.051755547523498535,0.11045163869857788,-0.04775887727737427,0.1571105718612671,-0.04120379686355591,0.1842760443687439,-0.004519522190093994,0.03333097696304321,-0.019855618476867676,0.10811704397201538,-0.022014498710632324,0.1538817286491394,-0.020244956016540527,0.1781378984451294,0.02606862783432007,0.04248702526092529,0.00988757610321045,0.11236804723739624,0.004133820533752441,0.14731985330581665,0.002828657627105713,0.16079211235046387,0.0518496036529541,0.05903548002243042,0.03471177816390991,0.11298304796218872,0.02405458688735962,0.1361072063446045,0.019231319427490234,0.14388996362686157
one_finger_circle,0.03368723392486572,0.01470249891281128,-0.000517725944519043,0.049363553524017334,-0.007688403129577637,0.10214769840240479,0.004950046539306641,0.15019440650939941,0.02507328987121582,0.17957043647766113,0.0034313201904296875,0.0527154803276062,0.009043276309967041,0.12124115228652954,0.016891419887542725,0.16320723295211792,0.02543109655380249,0.19446790218353271,0.03561049699783325,0.04457885026931763,0.04338204860687256,0.12295037508010864,0.048093974590301514,0.17103952169418335,0.0519222617149353,0.20125031471252441,0.06399685144424438,0.04886424541473389,0.0731324553489685,0.12291449308395386,0.07261478900909424,0.16441404819488525,0.0708855390548706,0.1904190182685852,0.08647173643112183,0.05962085723876953,0.09354913234710693,0.11744296550750732,0.08977007865905762,0.14805930852890015,0.08533215522766113,0.16820788383483887
one_finger_circle,0.028408348560333252,0.02698040008544922,0.01357126235961914,0.07135605812072754,0.023363232612609863,0.12283039093017578,0.05154508352279663,0.1584780216217041,0.07719194889068604,0.1764342188835144,0.041429996490478516,0.06888806819915771,0.08000832796096802,0.13072752952575684,0.10423469543457031,0.16494518518447876,0.12265557050704956,0.18740642070770264,0.06859982013702393,0.04383969306945801,0.10550898313522339,0.10756051540374756,0.12100213766098022,0.14565140008926392,0.12864243984222412,0.170867919921875,0.08962512016296387,0.03502100706100464,0.11835193634033203,0.09696513414382935,0.12401556968688965,0.13121354579925537,0.12439030408859253,0.1531028151512146,0.10458898544311523,0.03792893886566162,0.12232202291488647,0.08802127838134766,0.12402462959289551,0.11738431453704834,0.12193220853805542,0.13859039545059204
one_finger_circle,0.05234009027481079,0.02210414409637451,0.03220415115356445,0.06882452964782715,0.0454370379447937,0.11192470788955688,0.07318723201751709,0.1400233507156372,0.09793227910995483,0.15565228462219238,0.06986922025680542,0.05780923366546631,0.10888326168060303,0.09510284662246704,0.13443207740783691,0.11835265159606934,0.1541847586631775,0.13287657499313354,0.09251666069030762,0.03239625692367554,0.13025689125061035,0.07190942764282227,0.15084463357925415,0.09945785999298096,0.16339606046676636,0.1177670955657959,0.1074819564819336,0.020327746868133545,0.14041906595230103,0.06100940704345703,0.1551436185836792,0.0906449556350708,0.16218358278274536,0.10844570398330688,0.11644530296325684,0.020143210887908936,0.1412530541419983,0.05542522668838501,0.15307539701461792,0.07952505350112915,0.15921372175216675,0.09539443254470825
one_finger_circle,0.051457226276397705,0.030874252319335938,0.04094010591506958,0.08485883474349976,0.06724357604980469,0.12649506330490112,0.10559439659118652,0.1449674367904663,0.1388695240020752,0.14863139390945435,0.08071571588516235,0.051992177963256836,0.12620329856872559,0.069485604763031,0.15803444385528564,0.08420038223266602,0.18152165412902832,0.09537732601165771,0.09893757104873657,0.02355825901031494,0.1367025375366211,0.05210745334625244,0.14550143480300903,0.07829028367996216,0.14722663164138794,0.09476768970489502,0.10976070165634155,0.009814143180847168,0.14346444606781006,0.042163968086242676,0.14518100023269653,0.07013869285583496,0.14057999849319458,0.08521139621734619,0.11725133657455444,0.006720244884490967,0.14488434791564941,0.03221261501312256,0.14982056617736816,0.05469632148742676,0.14838844537734985,0.06807029247283936
one_finger_circle,0.06716960668563843,0.05513519048690796,0.05643892288208008,0.06180846691131592,0.07535946369171143,0.07304233312606812,0.11018216609954834,0.09259474277496338,0.13995295763015747,0.0978592038154602,0.08055686950683594,0.01421058177947998,0.12995272874832153,0.010364115238189697,0.17149192094802856,0.01064378023147583,0.20452886819839478,0.009329676628112793,0.10575324296951294,0.018102526664733887,0.14860481023788452,0.07420772314071655,0.13564938306808472,0.09698307514190674,0.11590999364852905,0.09551882743835449,0.12693440914154053,0.0312383770942688,0.15388214588165283,0.08556663990020752,0.13364845514297485,0.0984501838684082,0.11534643173217773,0.0899885892868042,0.1433996558189392,0.04705631732940674,0.1597868800163269,0.08955466747283936,0.14176535606384277,0.09718286991119385,0.1257970929145813,0.08906340599060059
one_finger_circle,0.08082246780395508,0.05896615982055664,0.06534409523010254,0.048717379570007324,0.08259731531143188,0.038234829902648926,0.11878353357315063,0.05110454559326172,0.14964300394058228,0.05767941474914551,0.10383403301239014,-0.026341736316680908,0.1378881335258484,-0.04105108976364136,0.16783809661865234,-0.0512729287147522,0.19283491373062134,-0.06292849779129028,0.13476580381393433,-0.016247153282165527,0.1562596559524536,0.01994335651397705,0.1323118805885315,0.05289483070373535,0.11262476444244385,0.06185340881347656,0.154710054397583,0.0037853121757507324,0.16608476638793945,0.046702563762664795,0.1402531862258911,0.06480330228805542,0.12263631820678711,0.05904948711395264,0.16543328762054443,0.026667773723602295,0.1686733365058899,0.05943959951400757,0.1496807336807251,0.07196122407913208,0.1358581781387329,0.06693375110626221
one_finger_circle,0.0853278636932373,0.054631173610687256,0.07675480842590332,0.04710489511489868,0.09561330080032349,0.025474369525909424,0.13023579120635986,0.01456838846206665,0.15564489364624023,-0.003349125385284424,0.09636270999908447,-0.05800497531890869,0.12732762098312378,-0.09012734889984131,0.15270119905471802,-0.11221373081207275,0.1744396686553955,-0.1361832618713379,0.12354165315628052,-0.05416727066040039,0.14637231826782227,-0.07660269737243652,0.15767890214920044,-0.09517502784729004,0.1680651307106018,-0.11989760398864746,0.14456772804260254,-0.03791016340255737,0.1606515645980835,-0.01694643497467041,0.1402149200439453,0.013152003288269043,0.12397485971450806,0.02328866720199585,0.1569523811340332,-0.014657258987426758,0.16463851928710938,0.003385603427886963,0.15018832683563232,0.021548151969909668,0.13779973983764648,0.0272560715675354
one_finger_circle,0.07734739780426025,0.035808682441711426,0.07064777612686157,0.028162479400634766,0.08569836616516113,0.001944899559020996,0.12025296688079834,-0.015542745590209961,0.14565551280975342,-0.03820687532424927,0.08030122518539429,-0.08749842643737793,0.10934704542160034,-0.13871729373931885,0.13509845733642578,-0.17229831218719482,0.15628695487976074,-0.202797532081604,0.10539716482162476,-0.0873379111289978,0.12620097398757935,-0.13778084516525269,0.14526712894439697,-0.1705855131149292,0.16235333681106567,-0.2034052610397339,0.1253635287284851,-0.07179123163223267,0.1455516219139099,-0.05705505609512329,0.13179802894592285,-0.022317826747894287,0.11833328008651733,-0.008145153522491455,0.13847512006759644,-0.04774117469787598,0.1505751609802246,-0.03362542390823364,0.1389424204826355,-0.011585056781768799,0.12633264064788818,-0.005223095417022705
one_finger_circle,0.07895338535308838,0.034282684326171875,0.05749279260635376,0.014247894287109375,0.06002402305603027,-0.023438632488250732,0.09797447919845581,-0.04960072040557861,0.12605637311935425,-0.07153606414794922,0.06260263919830322,-0.1148754358291626,0.08228671550750732,-0.17720073461532593,0.10268622636795044,-0.2204209566116333,0.12025570869445801,-0.25575196743011475,0.08854895830154419,-0.11187636852264404,0.10110056400299072,-0.1789391040802002,0.11794734001159668,-0.22276881337165833,0.13433432579040527,-0.26214855909347534,0.10921931266784668,-0.09246063232421875,0.12427955865859985,-0.09039533138275146,0.1133657693862915,-0.05103957653045654,0.10265332460403442,-0.03040289878845215,0.12359499931335449,-0.061523616313934326,0.13371002674102783,-0.06224006414413452,0.12211322784423828,-0.03535020351409912,0.10831397771835327,-0.020022571086883545
one_finger_circle,0.06506073474884033,0.02695411443710327,0.04170215129852295,-0.00042170286178588867,0.040611982345581055,-0.044078707695007324,0.07277756929397583,-0.07394909858703613,0.09670472145080566,-0.09752976894378662,0.04076850414276123,-0.13631868362426758,0.05261868238449097,-0.20242387056350708,0.0668383240699768,-0.24794453382492065,0.0784490704536438,-0.284615159034729,0.06573718786239624,-0.1313297152519226,0.07177501916885376,-0.20402979850769043,0.08463412523269653,-0.2494998574256897,0.09705984592437744,-0.2885926365852356,0.08785420656204224,-0.10843443870544434,0.09921711683273315,-0.10283458232879639,0.08760476112365723,-0.06118214130401611,0.07659715414047241,-0.03777480125427246,0.10298627614974976,-0.07573670148849487,0.1076156497001648,-0.07156193256378174,0.0945512056350708,-0.04100072383880615,0.08146947622299194,-0.023966073989868164
one_finger_circle,0.04508477449417114,0.028734266757965088,0.016890227794647217,-0.0050820112228393555,0.014111995697021484,-0.05644023418426514,0.047715187072753906,-0.09346926212310791,0.07556945085525513,-0.11546438932418823,0.014391303062438965,-0.1472022533416748,0.02043294906616211,-0.21680277585983276,0.029189646244049072,-0.2639237940311432,0.03627961874008179,-0.30200475454330444,0.042169153690338135,-0.1421642303466797,0.04375046491622925,-0.21876204013824463,0.05004757642745972,-0.265950471162796,0.05640965700149536,-0.3045775890350342,0.06785070896148682,-0.11876213550567627,0.07480311393737793,-0.12465476989746094,0.06368875503540039,-0.08269250392913818,0.05414324998855591,-0.057007551193237305,0.08742427825927734,-0.08414286375045776,0.08918988704681396,-0.09241092205047607,0.074665367603302,-0.059037983417510986,0.06226545572280884,-0.03672504425048828
one_finger_circle,0.037746429443359375,0.02198272943496704,0.007285773754119873,-0.010906994342803955,0.0015915632247924805,-0.06069374084472656,0.03167736530303955,-0.09648025035858154,0.05917251110076904,-0.11687558889389038,0.003936767578125,-0.15222924947738647,0.008204996585845947,-0.22057375311851501,0.014855623245239258,-0.26678186655044556,0.019316017627716064,-0.30572789907455444,0.03176558017730713,-0.14889401197433472,0.03097635507583618,-0.2249239683151245,0.034738898277282715,-0.2730432450771332,0.038220763206481934,-0.31391292810440063,0.05793708562850952,-0.12728267908096313,0.06270784139633179,-0.12837564945220947,0.05233126878738403,-0.08465862274169922,0.04224753379821777,-0.05836552381515503,0.07863527536392212,-0.09413176774978638,0.07918447256088257,-0.09819453954696655,0.06469595432281494,-0.06489455699920654,0.05110102891921997,-0.043477654457092285
one_finger_circle,0.026523470878601074,0.02094787359237671,-0.008318662643432617,-0.011624038219451904,-0.0194738507270813,-0.06182098388671875,0.005144238471984863,-0.10117220878601074,0.03198522329330444,-0.1227756142616272,-0.018243610858917236,-0.15066081285476685,-0.021761655807495117,-0.2194526195526123,-0.02040785551071167,-0.26410388946533203,-0.02035236358642578,-0.30283859372138977,0.0099869966506958,-0.14975672960281372,0.0036490559577941895,-0.22541916370391846,0.001526474952697754,-0.2722182869911194,-0.00011628866195678711,-0.3125591278076172,0.03750377893447876,-0.13088524341583252,0.037652552127838135,-0.1360311508178711,0.027980506420135498,-0.09088945388793945,0.019801795482635498,-0.0631292462348938,0.06032884120941162,-0.10081416368484497,0.05682957172393799,-0.10742485523223877,0.04270970821380615,-0.07072299718856812,0.03029775619506836,-0.04566049575805664
one_finger_circle,0.014562427997589111,0.02808326482772827,-0.022405505180358887,-0.0018386244773864746,-0.04004871845245361,-0.0507621169090271,-0.019826292991638184,-0.09118640422821045,0.008344054222106934,-0.11160784959793091,-0.035823702812194824,-0.14071863889694214,-0.04224586486816406,-0.21187251806259155,-0.04409992694854736,-0.2571418881416321,-0.04445904493331909,-0.29579615592956543,-0.005586147308349609,-0.14430105686187744,-0.014228343963623047,-0.2196905016899109,-0.019342482089996338,-0.2677394151687622,-0.02198660373687744,-0.3093688189983368,0.023442864418029785,-0.1273958683013916,0.02140176296234131,-0.13737261295318604,0.009447693824768066,-0.09581488370895386,0.0020675063133239746,-0.06651270389556885,0.045960068702697754,-0.09684300422668457,0.0350193977355957,-0.09304064512252808,0.015972256660461426,-0.06209462881088257,0.001840353012084961,-0.03981447219848633
one_finger_circle,0.008099079132080078,0.028281807899475098,-0.027303099632263184,-0.00026094913482666016,-0.046073973178863525,-0.05158644914627075,-0.027743160724639893,-0.08955192565917969,-0.0005304813385009766,-0.11107802391052246,-0.045692265033721924,-0.1399487853050232,-0.05299192667007446,-0.2118244767189026,-0.056050121784210205,-0.2566113770008087,-0.057916224002838135,-0.29447141289711,-0.01460278034210205,-0.1457011103630066,-0.02413618564605713,-0.2206537425518036,-0.030966639518737793,-0.2680828869342804,-0.035193443298339844,-0.30815961956977844,0.015356957912445068,-0.13084441423416138,0.008378684520721436,-0.13472747802734375,-0.00218045711517334,-0.09405297040939331,-0.007066607475280762,-0.06667429208755493,0.037932634353637695,-0.10305869579315186,0.02130424976348877,-0.08666306734085083,0.004057049751281738,-0.05372661352157593,-0.005839109420776367,-0.03253287076950073
one_finger_circle,0.006834566593170166,0.026632726192474365,-0.030432701110839844,-0.001758575439453125,-0.05091005563735962,-0.054672837257385254,-0.030866682529449463,-0.09407764673233032,-0.0011328458786010742,-0.11125284433364868,-0.04839062690734863,-0.14303958415985107,-0.05576235055923462,-0.2146601676940918,-0.058510780334472656,-0.2596094608306885,-0.059857726097106934,-0.2968626022338867,-0.017815887928009033,-0.1479276418685913,-0.02723604440689087,-0.22169983386993408,-0.03433811664581299,-0.2701931893825531,-0.03838115930557251,-0.31013381481170654,0.012099027633666992,-0.13254576921463013,0.0011928677558898926,-0.13494354486465454,-0.009685337543487549,-0.09466886520385742,-0.013306796550750732,-0.06792384386062622,0.034900963306427,-0.10417312383651733,0.015944361686706543,-0.0904427170753479,0.00018322467803955078,-0.05860185623168945,-0.006603717803955078,-0.03820270299911499
one_finger_circle,0.005026459693908691,0.025680899620056152,-0.031058013439178467,-0.004569113254547119,-0.05080527067184448,-0.058959245681762695,-0.030468523502349854,-0.09813940525054932,-0.00031870603561401367,-0.11503708362579346,-0.048382461071014404,-0.14487582445144653,-0.055754780769348145,-0.21693062782287598,-0.05851244926452637,-0.26248425245285034,-0.05994772911071777,-0.3005935549736023,-0.01778590679168701,-0.14965295791625977,-0.02648162841796875,-0.22347652912139893,-0.03280287981033325,-0.2723797559738159,-0.03656584024429321,-0.3120965361595154,0.012047827243804932,-0.13441777229309082,0.005237102508544922,-0.13987857103347778,-0.006344854831695557,-0.10060960054397583,-0.01221013069152832,-0.07345747947692871,0.03493136167526245,-0.10653144121170044,0.02008640766143799,-0.09497594833374023,0.0032430291175842285,-0.062424659729003906,-0.006495356559753418,-0.040294647216796875
one_finger_circle,0.005600631237030029,0.022205650806427002,-0.029941141605377197,-0.006644546985626221,-0.04955029487609863,-0.05756974220275879,-0.03079664707183838,-0.09676718711853027,-0.0018821358680725098,-0.11501830816268921,-0.0474284291267395,-0.14597392082214355,-0.05457836389541626,-0.21721044182777405,-0.05662822723388672,-0.26187512278556824,-0.057093918323516846,-0.29936301708221436,-0.017086446285247803,-0.1509159803390503,-0.02557617425918579,-0.22361108660697937,-0.03158581256866455,-0.271136611700058,-0.03474295139312744,-0.3101564943790436,0.012690484523773193,-0.1355857253074646,0.003927469253540039,-0.13696187734603882,-0.007388412952423096,-0.09671229124069214,-0.01203930377960205,-0.07002955675125122,0.03551328182220459,-0.10724294185638428,0.019313395023345947,-0.09267330169677734,0.003189682960510254,-0.06144040822982788,-0.004885375499725342,-0.04166543483734131
one_finger_circle,0.0,0.0,-0.03414809703826904,-0.030342400074005127,-0.050572872161865234,-0.08064639568328857,-0.02842259407043457,-0.11867457628250122,0.0015414953231811523,-0.13605910539627075,-0.043250441551208496,-0.17213928699493408,-0.04391324520111084,-0.24143365025520325,-0.04175841808319092,-0.28537121415138245,-0.03904491662979126,-0.32280266284942627,-0.013216495513916016,-0.17315798997879028,-0.015439808368682861,-0.2464483380317688,-0.016937673091888428,-0.29415538907051086,-0.016714632511138916,-0.33421462774276733,0.015147149562835693,-0.15467894077301025,0.010921001434326172,-0.15795427560806274,-0.00258558988571167,-0.11678284406661987,-0.00986945629119873,-0.08916956186294556,0.036832988262176514,-0.12356096506118774,0.02399313449859619,-0.11252909898757935,0.0063356757164001465,-0.08218550682067871,-0.004349350929260254,-0.06283223628997803
one_finger_circle,-0.0013990402221679688,0.002161383628845215,-0.03589773178100586,-0.030424833297729492,-0.05114936828613281,-0.08332622051239014,-0.02903538942337036,-0.12154591083526611,0.00019049644470214844,-0.1374686360359192,-0.04390686750411987,-0.17140382528305054,-0.04496961832046509,-0.24279898405075073,-0.04326951503753662,-0.28745514154434204,-0.04101055860519409,-0.3252335786819458,-0.013100147247314453,-0.17251354455947876,-0.016247928142547607,-0.2456386685371399,-0.018323183059692383,-0.29493099451065063,-0.018605470657348633,-0.33474433422088623,0.015976130962371826,-0.15460127592086792,0.009882211685180664,-0.16011911630630493,-0.0031906962394714355,-0.1220446228981018,-0.010151326656341553,-0.09450775384902954,0.038021206855773926,-0.12463092803955078,0.023790180683135986,-0.11622869968414307,0.005340993404388428,-0.08623087406158447,-0.0059015750885009766,-0.06500715017318726
one_finger_circle,-0.0024322867393493652,-0.0010059475898742676,-0.036934614181518555,-0.032059550285339355,-0.05324584245681763,-0.08461141586303711,-0.03158307075500488,-0.12271398305892944,-0.003129899501800537,-0.14146101474761963,-0.047754526138305664,-0.17253732681274414,-0.05019652843475342,-0.2431834638118744,-0.04924488067626953,-0.2879815697669983,-0.04743450880050659,-0.3259108364582062,-0.017016947269439697,-0.17399466037750244,-0.02138584852218628,-0.2487591803073883,-0.023685097694396973,-0.295735239982605,-0.024120867252349854,-0.3350268602371216,0.012340664863586426,-0.15685588121414185,0.0033014416694641113,-0.16147863864898682,-0.009064912796020508,-0.12276655435562134,-0.014805972576141357,-0.09594076871871948,0.034667015075683594,-0.12774407863616943,0.017899036407470703,-0.1199069619178772,-0.00034999847412109375,-0.08785480260848999,-0.010963976383209229,-0.06557953357696533
one_finger_circle,-0.010782897472381592,-0.0076923370361328125,-0.04628366231918335,-0.03746390342712402,-0.06585514545440674,-0.08884084224700928,-0.04639190435409546,-0.12372177839279175,-0.018464505672454834,-0.1393948793411255,-0.060091257095336914,-0.17199140787124634,-0.06490790843963623,-0.24312278628349304,-0.0670022964477539,-0.28829318284988403,-0.06858593225479126,-0.326143354177475,-0.02851235866546631,-0.17640173435211182,-0.03579527139663696,-0.2493763566017151,-0.042817115783691406,-0.2971685826778412,-0.04811668395996094,-0.3360390067100525,0.0014700889587402344,-0.16161566972732544,-0.014749228954315186,-0.16119736433029175,-0.024772584438323975,-0.12546861171722412,-0.027382373809814453,-0.09901189804077148,0.023540019989013672,-0.13483011722564697,-0.0012738704681396484,-0.11565649509429932,-0.018950343132019043,-0.08490777015686035,-0.026412367820739746,-0.06337767839431763
one_finger_circle,-0.012881994247436523,-0.00838083028793335,-0.04985511302947998,-0.034786343574523926,-0.07111287117004395,-0.08038866519927979,-0.057434916496276855,-0.11621809005737305,-0.0338212251663208,-0.13656604290008545,-0.06684762239456177,-0.170640766620636,-0.07521849870681763,-0.24102181196212769,-0.07949692010879517,-0.28582125902175903,-0.08167797327041626,-0.3234448730945587,-0.035198867321014404,-0.17645466327667236,-0.04626727104187012,-0.24794217944145203,-0.05645483732223511,-0.2951226830482483,-0.06356227397918701,-0.33404678106307983,-0.004979133605957031,-0.16218101978302002,-0.023868024349212646,-0.16005080938339233,-0.0337144136428833,-0.1236562728881836,-0.03531616926193237,-0.09712505340576172,0.01684129238128662,-0.13494551181793213,-0.010215342044830322,-0.11375689506530762,-0.02735656499862671,-0.08342152833938599,-0.03383743762969971,-0.06256943941116333
one_finger_circle,-0.0182684063911438,-0.010871529579162598,-0.05529820919036865,-0.03664684295654297,-0.07763886451721191,-0.07951205968856812,-0.06686615943908691,-0.11436468362808228,-0.0438762903213501,-0.13142365217208862,-0.0721062421798706,-0.16680997610092163,-0.08386248350143433,-0.23443135619163513,-0.09123039245605469,-0.27806544303894043,-0.09502500295639038,-0.3154492974281311,-0.040490686893463135,-0.17556416988372803,-0.05754876136779785,-0.244889497756958,-0.07001972198486328,-0.2907138466835022,-0.07822161912918091,-0.3283084034919739,-0.009637415409088135,-0.16332358121871948,-0.031658291816711426,-0.158583402633667,-0.04205805063247681,-0.1236104965209961,-0.044376373291015625,-0.09763187170028687,0.011798620223999023,-0.13732409477233887,-0.0190962553024292,-0.10907721519470215,-0.03833037614822388,-0.08097618818283081,-0.046864330768585205,-0.06266158819198608
one_finger_circle,-0.022935926914215088,-0.007485151290893555,-0.06333667039871216,-0.03110051155090332,-0.09244883060455322,-0.07287156581878662,-0.08541375398635864,-0.09916996955871582,-0.061767518520355225,-0.11001795530319214,-0.08287692070007324,-0.15667879581451416,-0.10025280714035034,-0.21824800968170166,-0.11223900318145752,-0.25760799646377563,-0.12002599239349365,-0.29200226068496704,-0.051023125648498535,-0.1671620011329651,-0.07206445932388306,-0.22886642813682556,-0.09009122848510742,-0.2701196074485779,-0.1036539077758789,-0.3069465160369873,-0.020844757556915283,-0.1549433469772339,-0.05011403560638428,-0.14185398817062378,-0.06078958511352539,-0.10861843824386597,-0.06165933609008789,-0.0898858904838562,-0.0016330480575561523,-0.12709015607833862,-0.03843659162521362,-0.08976542949676514,-0.054550886154174805,-0.06234937906265259,-0.058249831199645996,-0.04859352111816406
one_finger_circle,-0.02086639404296875,-0.00428318977355957,-0.06269079446792603,-0.02420508861541748,-0.09520310163497925,-0.05933290719985962,-0.09585058689117432,-0.08422034978866577,-0.07167500257492065,-0.09296977519989014,-0.08297896385192871,-0.1455289125442505,-0.10444629192352295,-0.20279651880264282,-0.11995601654052734,-0.23935705423355103,-0.13032424449920654,-0.27121350169181824,-0.05257946252822876,-0.15785151720046997,-0.0777428150177002,-0.2152308225631714,-0.10053503513336182,-0.25240492820739746,-0.11808627843856812,-0.2882900834083557,-0.023592650890350342,-0.14658820629119873,-0.057508111000061035,-0.12792426347732544,-0.06597191095352173,-0.09327048063278198,-0.06288397312164307,-0.07944381237030029,-0.0065667033195495605,-0.11790663003921509,-0.046402573585510254,-0.07449811697006226,-0.05863922834396362,-0.04760086536407471,-0.057195305824279785,-0.03927105665206909
one_finger_circle,-0.012141585350036621,0.0009047389030456543,-0.058087706565856934,-0.013310909271240234,-0.09613293409347534,-0.039428114891052246,-0.10216045379638672,-0.05498093366622925,-0.084369957447052,-0.05561012029647827,-0.08689719438552856,-0.12530195713043213,-0.1127694845199585,-0.17181473970413208,-0.131082683801651,-0.2005927562713623,-0.14573240280151367,-0.22677212953567505,-0.059294700622558594,-0.13970321416854858,-0.0884709358215332,-0.185394287109375,-0.11432969570159912,-0.21232330799102783,-0.13640856742858887,-0.23878636956214905,-0.03169691562652588,-0.1304333209991455,-0.06886529922485352,-0.09745270013809204,-0.07409048080444336,-0.0649842619895935,-0.06976276636123657,-0.0551074743270874,-0.014164090156555176,-0.10152000188827515,-0.05030852556228638,-0.04767042398452759,-0.05734509229660034,-0.02426356077194214,-0.052993059158325195,-0.020179033279418945
one_finger_circle,-0.0064182281494140625,0.0015025734901428223,-0.05412477254867554,-0.009932756423950195,-0.09261786937713623,-0.027574777603149414,-0.10569453239440918,-0.03776746988296509,-0.08836168050765991,-0.035712480545043945,-0.08879536390304565,-0.11399435997009277,-0.11778658628463745,-0.1546076536178589,-0.13857901096343994,-0.17889314889907837,-0.15486738085746765,-0.20103156566619873,-0.061367571353912354,-0.12760788202285767,-0.09242117404937744,-0.16395258903503418,-0.12152189016342163,-0.18613547086715698,-0.14682650566101074,-0.20828399062156677,-0.03318113088607788,-0.11746221780776978,-0.07322978973388672,-0.07578670978546143,-0.07721048593521118,-0.045193374156951904,-0.07213073968887329,-0.04027444124221802,-0.01416105031967163,-0.08694779872894287,-0.053032636642456055,-0.02856004238128662,-0.05675691366195679,-0.009841322898864746,-0.04918098449707031,-0.013275444507598877
one_finger_circle,-0.002516448497772217,0.0023223161697387695,-0.050203561782836914,-0.010424971580505371,-0.08990800380706787,-0.023546576499938965,-0.1032443642616272,-0.024055004119873047,-0.08548873662948608,-0.020930588245391846,-0.08391088247299194,-0.11038976907730103,-0.11599785089492798,-0.13964563608169556,-0.13941672444343567,-0.1573682427406311,-0.1589827537536621,-0.17453092336654663,-0.058979332447052,-0.1192811131477356,-0.0961909294128418,-0.14668792486190796,-0.12612763047218323,-0.1617957353591919,-0.15236473083496094,-0.17825829982757568,-0.032748520374298096,-0.10513997077941895,-0.07648718357086182,-0.05275779962539673,-0.07538485527038574,-0.028675854206085205,-0.067207932472229,-0.031745970249176025,-0.013324737548828125,-0.07166171073913574,-0.0533372163772583,-0.011888623237609863,-0.055310964584350586,0.0024170279502868652,-0.04833114147186279,-0.00685882568359375
one_finger_circle,0.013359129428863525,0.005147337913513184,-0.03252518177032471,-0.013579010963439941,-0.0747765302658081,-0.019950687885284424,-0.09676724672317505,0.004145801067352295,-0.08771556615829468,0.02663242816925049,-0.0702391266822815,-0.09506577253341675,-0.10989558696746826,-0.09822022914886475,-0.1388227641582489,-0.09966808557510376,-0.16347938776016235,-0.10306000709533691,-0.046347200870513916,-0.09228086471557617,-0.09180372953414917,-0.09269529581069946,-0.11924242973327637,-0.1010138988494873,-0.14105325937271118,-0.11060142517089844,-0.0233689546585083,-0.07116472721099854,-0.07253175973892212,-0.007969319820404053,-0.06881982088088989,0.001305699348449707,-0.05875277519226074,-0.009501159191131592,-0.007687807083129883,-0.03627830743789673,-0.048351168632507324,0.01949101686477661,-0.047357141971588135,0.02171999216079712,-0.039230167865753174,0.005021452903747559
one_finger_circle,0.01786106824874878,0.004706025123596191,-0.029706299304962158,-0.011469602584838867,-0.07514792680740356,-0.013939321041107178,-0.09463363885879517,0.020931124687194824,-0.08371078968048096,0.05010581016540527,-0.07347112894058228,-0.08636713027954102,-0.11366426944732666,-0.07963371276855469,-0.14345872402191162,-0.06982409954071045,-0.16897031664848328,-0.06258594989776611,-0.04684269428253174,-0.08194541931152344,-0.09321773052215576,-0.07442158460617065,-0.1278369426727295,-0.07195484638214111,-0.15502354502677917,-0.06959795951843262,-0.021315395832061768,-0.05887645483016968,-0.06972503662109375,0.009763658046722412,-0.06996172666549683,0.02060699462890625,-0.06269115209579468,0.010555028915405273,-0.003462553024291992,-0.022534489631652832,-0.04443764686584473,0.03683352470397949,-0.04533571004867554,0.038755834102630615,-0.037515342235565186,0.022447943687438965
one_finger_circle,0.018638968467712402,0.010913670063018799,-0.029631078243255615,-0.0034164786338806152,-0.07415509223937988,-0.003576993942260742,-0.0904766321182251,0.03684961795806885,-0.0781450867652893,0.06814557313919067,-0.0689549446105957,-0.07042253017425537,-0.10907959938049316,-0.059106528759002686,-0.13927406072616577,-0.04420274496078491,-0.16377988457679749,-0.031360089778900146,-0.03989684581756592,-0.06621038913726807,-0.08699965476989746,-0.05584591627120972,-0.12329024076461792,-0.05065476894378662,-0.14967608451843262,-0.0462074875831604,-0.01364290714263916,-0.043521761894226074,-0.060863494873046875,0.0286216139793396,-0.062013089656829834,0.03607535362243652,-0.05595129728317261,0.02094811201095581,0.004888176918029785,-0.00988239049911499,-0.03797483444213867,0.05125784873962402,-0.040955305099487305,0.05274069309234619,-0.03514695167541504,0.03413259983062744
one_finger_circle,0.019288063049316406,0.036192238330841064,-0.02499699592590332,0.023991286754608154,-0.06582629680633545,0.024432003498077393,-0.0768587589263916,0.06514734029769897,-0.06547808647155762,0.09891742467880249,-0.06221991777420044,-0.04524499177932739,-0.0983380675315857,-0.023214638233184814,-0.12410616874694824,-0.002100646495819092,-0.14512208104133606,0.016604363918304443,-0.03369331359863281,-0.04112398624420166,-0.07942575216293335,-0.010235130786895752,-0.11301976442337036,0.001383960247039795,-0.13740837574005127,0.011073768138885498,-0.005186259746551514,-0.020121216773986816,-0.04841083288192749,0.056460797786712646,-0.04713642597198486,0.06353163719177246,-0.0391959547996521,0.052166104316711426,0.016665220260620117,0.01137089729309082,-0.023935914039611816,0.07693558931350708,-0.026351213455200195,0.07912462949752808,-0.019580841064453125,0.06396222114562988
one_finger_circle,0.025007545948028564,0.03862267732620239,-0.01838141679763794,0.02954202890396118,-0.054503440856933594,0.033019959926605225,-0.06975871324539185,0.06850254535675049,-0.07188624143600464,0.0988844633102417,-0.062409400939941406,-0.0394558310508728,-0.09565377235412598,-0.002596557140350342,-0.11717867851257324,0.02082657814025879,-0.13347965478897095,0.03874474763870239,-0.03218013048171997,-0.03547048568725586,-0.07237553596496582,0.007162868976593018,-0.09977203607559204,0.024719178676605225,-0.11984509229660034,0.03672492504119873,-0.001093149185180664,-0.014918744564056396,-0.0436784029006958,0.06825006008148193,-0.03640860319137573,0.08738327026367188,-0.0218011736869812,0.08568143844604492,0.02393782138824463,0.015152037143707275,-0.01708221435546875,0.08486014604568481,-0.015732228755950928,0.09932851791381836,-0.0037890076637268066,0.09503757953643799
one_finger_circle,0.0400846004486084,0.07476234436035156,0.004982650279998779,0.06788575649261475,-0.025387346744537354,0.07153701782226562,-0.04403728246688843,0.08824604749679565,-0.05524986982345581,0.10842323303222656,-0.016015231609344482,0.0019176006317138672,-0.046042799949645996,0.06866598129272461,-0.050863564014434814,0.09939420223236084,-0.04895186424255371,0.1129341721534729,0.014117419719696045,0.008570849895477295,-0.014828205108642578,0.07974600791931152,-0.026425480842590332,0.11132144927978516,-0.02953791618347168,0.12769347429275513,0.04126614332199097,0.028247535228729248,0.010321080684661865,0.10166680812835693,-0.004529476165771484,0.1259593367576599,-0.009693562984466553,0.1338738203048706,0.06347942352294922,0.054847121238708496,0.03225350379943848,0.11551785469055176,0.015472769737243652,0.13004940748214722,0.00958186388015747,0.1327311396598816
one_finger_circle,0.04975128173828125,0.04524165391921997,0.01472693681716919,0.05327260494232178,-0.008889317512512207,0.07439452409744263,-0.006371259689331055,0.11201661825180054,0.011347055435180664,0.14788520336151123,0.0018021464347839355,0.016501426696777344,-0.0037688612937927246,0.1025574803352356,0.0024633407592773438,0.13240784406661987,0.0061013102531433105,0.14155703783035278,0.03666853904724121,0.023017704486846924,0.030833661556243896,0.10519379377365112,0.031077802181243896,0.13697367906570435,0.030562996864318848,0.1530604362487793,0.06773251295089722,0.03976398706436157,0.06383758783340454,0.11557477712631226,0.06045323610305786,0.14198940992355347,0.0563088059425354,0.1533564329147339,0.09169399738311768,0.06193047761917114,0.09008312225341797,0.11838638782501221,0.08522939682006836,0.13709509372711182,0.08140867948532104,0.14524096250534058
one_finger_circle,0.046198129653930664,0.03191268444061279,0.01914513111114502,0.05044025182723999,0.007238507270812988,0.07991135120391846,0.016208231449127197,0.12004905939102173,0.034903764724731445,0.1516626477241516,0.020219862461090088,0.022354841232299805,0.03889340162277222,0.10373938083648682,0.04886424541473389,0.1351933479309082,0.05266368389129639,0.1423788070678711,0.05085510015487671,0.023085176944732666,0.0642668604850769,0.10355144739151001,0.07022726535797119,0.13582152128219604,0.07287877798080444,0.14622998237609863,0.07646375894546509,0.031598567962646484,0.08875316381454468,0.10186958312988281,0.08880341053009033,0.13084924221038818,0.08623427152633667,0.13950836658477783,0.09661012887954712,0.04482698440551758,0.10592353343963623,0.09301257133483887,0.10293912887573242,0.11609184741973877,0.09947633743286133,0.12626218795776367
one_finger_circle,0.07626503705978394,0.08892428874969482,0.06010812520980835,0.1185762882232666,0.05106925964355469,0.13480645418167114,0.07801008224487305,0.1416270136833191,0.10879373550415039,0.13893771171569824,0.027332663536071777,0.04810911417007446,0.05132371187210083,0.055795252323150635,0.0780135989189148,0.06908947229385376,0.10408365726470947,0.08369433879852295,0.051508307456970215,0.019880354404449463,0.08094131946563721,0.04397326707839966,0.1078500747680664,0.07323843240737915,0.12866562604904175,0.09885770082473755,0.0771493911743164,0.010954678058624268,0.11064249277114868,0.041060566902160645,0.13193392753601074,0.07194095849990845,0.14490222930908203,0.09726941585540771,0.10262608528137207,0.014678239822387695,0.1284501552581787,0.045510053634643555,0.1420576572418213,0.07582259178161621,0.15095502138137817,0.09861201047897339
one_finger_circle,0.09389376640319824,0.11261487007141113,0.0707206130027771,0.1285911202430725,0.05863332748413086,0.13023221492767334,0.0845678448677063,0.126495361328125,0.11826866865158081,0.12475645542144775,0.03937351703643799,0.04025167226791382,0.06516200304031372,0.042457759380340576,0.09412062168121338,0.05506539344787598,0.11880439519882202,0.06526124477386475,0.0625562071800232,0.019667446613311768,0.09372371435165405,0.028178870677947998,0.11946630477905273,0.04690432548522949,0.13999974727630615,0.06453591585159302,0.08648836612701416,0.014572858810424805,0.12202882766723633,0.030499935150146484,0.1401066780090332,0.06501072645187378,0.15048420429229736,0.09398078918457031,0.10876959562301636,0.02129197120666504,0.1365547776222229,0.0294492244720459,0.15008121728897095,0.056168973445892334,0.15922564268112183,0.08048242330551147
one_finger_circle,0.09679919481277466,0.10948193073272705,0.07712960243225098,0.1265903115272522,0.06743365526199341,0.12723785638809204,0.09753131866455078,0.12343978881835938,0.13028335571289062,0.11587399244308472,0.04084652662277222,0.05011141300201416,0.06170463562011719,0.026479721069335938,0.09196215867996216,0.03138864040374756,0.11875790357589722,0.04228794574737549,0.06740808486938477,0.027269482612609863,0.08775395154953003,0.005229473114013672,0.11879920959472656,0.019896209239959717,0.14267367124557495,0.040358901023864746,0.09315848350524902,0.020975887775421143,0.11711043119430542,0.008701145648956299,0.14157181978225708,0.03812289237976074,0.15601330995559692,0.06727463006973267,0.1160132884979248,0.028173983097076416,0.1339200735092163,0.023739278316497803,0.14876282215118408,0.04791140556335449,0.15913397073745728,0.07223296165466309
one_finger_circle,0.07262879610061646,0.06841903924942017,0.06157904863357544,0.09007596969604492,0.0678301453590393,0.09207028150558472,0.10731375217437744,0.0937962532043457,0.13789862394332886,0.08139002323150635,0.05141615867614746,0.02818143367767334,0.07624363899230957,0.0032237768173217773,0.1044054627418518,-0.016584813594818115,0.13230901956558228,-0.02870476245880127,0.0817115306854248,-0.0017852783203125,0.11115354299545288,-0.018512845039367676,0.144126296043396,-0.026998281478881836,0.16714072227478027,-0.03312861919403076,0.10820746421813965,-0.011703848838806152,0.13849413394927979,0.024348974227905273,0.13571476936340332,0.06386131048202515,0.12317246198654175,0.08645296096801758,0.12916594743728638,-0.008099377155303955,0.147325336933136,0.03279191255569458,0.141044020652771,0.0601193904876709,0.12977975606918335,0.07304650545120239
one_finger_circle,0.06413501501083374,0.06564152240753174,0.05709528923034668,0.07829922437667847,0.0735284686088562,0.0672728419303894,0.11234235763549805,0.06369388103485107,0.1394186019897461,0.049834609031677246,0.07306724786758423,-0.008089542388916016,0.1043199896812439,-0.03505009412765503,0.1347944736480713,-0.05423456430435181,0.16198718547821045,-0.06953245401382446,0.10224390029907227,-0.01777327060699463,0.13322627544403076,-0.02711695432662964,0.15516167879104614,-0.04232114553451538,0.17228633165359497,-0.060148656368255615,0.12260854244232178,-0.014104843139648438,0.14347344636917114,0.015008926391601562,0.1300317645072937,0.04745513200759888,0.11615347862243652,0.06133455038070679,0.1360541582107544,-0.002697288990020752,0.1494472622871399,0.028766751289367676,0.13733911514282227,0.04851430654525757,0.1255747675895691,0.053226351737976074
one_finger_circle,0.07347977161407471,0.04914522171020508,0.061734139919281006,0.05060368776321411,0.07581162452697754,0.03322875499725342,0.11106014251708984,0.024830400943756104,0.14008325338363647,0.008762478828430176,0.0805898904800415,-0.05880916118621826,0.11665838956832886,-0.09624022245407104,0.14473843574523926,-0.11846703290939331,0.16692793369293213,-0.14137274026870728,0.10818791389465332,-0.05798494815826416,0.13120847940444946,-0.021792352199554443,0.11681562662124634,0.02057129144668579,0.10374104976654053,0.03168612718582153,0.12792515754699707,-0.04273563623428345,0.14323657751083374,-0.001969754695892334,0.12275421619415283,0.02713644504547119,0.10710132122039795,0.025626301765441895,0.13992071151733398,-0.022794663906097412,0.14583611488342285,0.01479274034500122,0.1286756992340088,0.03490173816680908,0.11632263660430908,0.03186315298080444
one_finger_circle,0.0694206953048706,0.050746142864227295,0.06363892555236816,0.04269176721572876,0.07861632108688354,0.01834547519683838,0.1112629771232605,0.003964722156524658,0.13492488861083984,-0.016201913356781006,0.0764203667640686,-0.07253718376159668,0.10597562789916992,-0.11562693119049072,0.13107800483703613,-0.14489728212356567,0.15185260772705078,-0.17241787910461426,0.1015695333480835,-0.07326871156692505,0.12236207723617554,-0.11204582452774048,0.1409093737602234,-0.14206480979919434,0.15787434577941895,-0.17309093475341797,0.1211809515953064,-0.05919086933135986,0.13935011625289917,-0.03252023458480835,0.1245763897895813,-7.069110870361328e-05,0.11000961065292358,0.012248218059539795,0.1337108016014099,-0.035572350025177,0.14320874214172363,-0.010397791862487793,0.13053882122039795,0.008465111255645752,0.11775732040405273,0.012432634830474854
one_finger_circle,0.07239913940429688,0.04499375820159912,0.06155204772949219,0.03584259748458862,0.0721387267112732,0.007433056831359863,0.10639256238937378,-0.010236680507659912,0.1303110122680664,-0.033151984214782715,0.0665016770362854,-0.08514171838760376,0.09366142749786377,-0.13558322191238403,0.118122398853302,-0.17027723789215088,0.13892686367034912,-0.20172715187072754,0.09297734498977661,-0.08688682317733765,0.11116701364517212,-0.13645541667938232,0.12998759746551514,-0.1716039776802063,0.14797210693359375,-0.2081051468849182,0.1132383942604065,-0.07338118553161621,0.13103538751602173,-0.05775570869445801,0.11799532175064087,-0.020612239837646484,0.10462361574172974,-0.004105031490325928,0.12653034925460815,-0.050293922424316406,0.13668817281723022,-0.03540128469467163,0.12508100271224976,-0.01270073652267456,0.11147117614746094,-0.004617094993591309
one_finger_circle,0.067970871925354,0.03845745325088501,0.046570003032684326,0.020374417304992676,0.049206674098968506,-0.015615224838256836,0.08646994829177856,-0.04263097047805786,0.11460310220718384,-0.06447058916091919,0.05373448133468628,-0.11171537637710571,0.0701645016670227,-0.17463868856430054,0.08939152956008911,-0.21681779623031616,0.10638272762298584,-0.2516079843044281,0.0793336033821106,-0.10949885845184326,0.08813250064849854,-0.17759132385253906,0.1045803427696228,-0.21787947416305542,0.12083417177200317,-0.2548224925994873,0.09956622123718262,-0.08964276313781738,0.11347293853759766,-0.084991455078125,0.10314083099365234,-0.046910226345062256,0.09252119064331055,-0.0273054838180542,0.11356627941131592,-0.05807840824127197,0.12226378917694092,-0.05553567409515381,0.1113930344581604,-0.027624428272247314,0.09787333011627197,-0.011658012866973877
one_finger_circle,0.06767261028289795,0.037503957748413086,0.04109537601470947,0.01239544153213501,0.038946449756622314,-0.028672337532043457,0.07318621873855591,-0.05689799785614014,0.0997888445854187,-0.07829129695892334,0.044914424419403076,-0.12303251028060913,0.058061957359313965,-0.18625497817993164,0.0736505389213562,-0.23042571544647217,0.08645206689834595,-0.26650509238243103,0.07050740718841553,-0.11857402324676514,0.07780218124389648,-0.18880432844161987,0.09133321046829224,-0.23328378796577454,0.103962242603302,-0.27205169200897217,0.09223818778991699,-0.0954427719116211,0.10412591695785522,-0.09048652648925781,0.09274125099182129,-0.04764062166213989,0.08133196830749512,-0.02428072690963745,0.10771322250366211,-0.06192737817764282,0.11431866884231567,-0.06085658073425293,0.10118240118026733,-0.0289422869682312,0.08717727661132812,-0.011432409286499023
one_finger_circle,0.05970597267150879,0.031437456607818604,0.032496750354766846,0.001994609832763672,0.028577804565429688,-0.04306513071060181,0.06258875131607056,-0.07484215497970581,0.08989286422729492,-0.096019446849823,0.03261852264404297,-0.13223731517791748,0.0425642728805542,-0.19835519790649414,0.05506336688995361,-0.2434723973274231,0.06601059436798096,-0.2801080346107483,0.06003516912460327,-0.12839257717132568,0.06673121452331543,-0.20215076208114624,0.07845926284790039,-0.24935132265090942,0.09009075164794922,-0.28875136375427246,0.08386141061782837,-0.10609352588653564,0.09056746959686279,-0.10946732759475708,0.07954645156860352,-0.06847715377807617,0.0703357458114624,-0.043504416942596436,0.10220074653625488,-0.07330566644668579,0.10334372520446777,-0.07882452011108398,0.09033757448196411,-0.049947917461395264,0.07842361927032471,-0.031163573265075684
one_finger_circle,0.043381452560424805,0.02536100149154663,0.013783574104309082,-0.009427130222320557,0.010293662548065186,-0.05875426530838013,0.04025620222091675,-0.09195613861083984,0.06698405742645264,-0.11039143800735474,0.013193368911743164,-0.14985299110412598,0.01908785104751587,-0.21832075715065002,0.028584420680999756,-0.2629620432853699,0.036213576793670654,-0.29871419072151184,0.04111510515213013,-0.14260321855545044,0.041937291622161865,-0.2180350422859192,0.0486140251159668,-0.26296234130859375,0.05493175983428955,-0.29849106073379517,0.06663966178894043,-0.11746615171432495,0.0716438889503479,-0.1160774827003479,0.05998373031616211,-0.07479709386825562,0.049459099769592285,-0.05040442943572998,0.08545750379562378,-0.08255034685134888,0.08538234233856201,-0.08475100994110107,0.07077866792678833,-0.05285489559173584,0.057229459285736084,-0.03243225812911987
one_finger_circle,0.037093162536621094,0.027838826179504395,0.003965497016906738,-0.00850367546081543,-0.0035453438758850098,-0.057842135429382324,0.026707589626312256,-0.09340834617614746,0.05635368824005127,-0.11016643047332764,0.0037761330604553223,-0.1450035572052002,0.0058386921882629395,-0.21511733531951904,0.011281132698059082,-0.2618488669395447,0.015033602714538574,-0.30070680379867554,0.03346109390258789,-0.13900959491729736,0.03234142065048218,-0.21682074666023254,0.03581690788269043,-0.2649163603782654,0.03928953409194946,-0.30509060621261597,0.06043505668640137,-0.11478662490844727,0.06438159942626953,-0.11534392833709717,0.04960644245147705,-0.07529455423355103,0.037389516830444336,-0.04997032880783081,0.08020764589309692,-0.07901984453201294,0.07868421077728271,-0.07977175712585449,0.06129258871078491,-0.04781770706176758,0.04616093635559082,-0.02619868516921997
one_finger_circle,0.026973605155944824,0.021982192993164062,-0.007257521152496338,-0.009728848934173584,-0.02168208360671997,-0.058654963970184326,0.0013812780380249023,-0.0974988341331482,0.03061652183532715,-0.117850661277771,-0.014285802841186523,-0.14948010444641113,-0.01583164930343628,-0.22062546014785767,-0.013878166675567627,-0.26595455408096313,-0.012304067611694336,-0.3050678074359894,0.01515871286392212,-0.14830273389816284,0.011354684829711914,-0.22416695952415466,0.0100555419921875,-0.27344125509262085,0.009715616703033447,-0.31549757719039917,0.042659878730773926,-0.12982767820358276,0.038336217403411865,-0.13732218742370605,0.027829408645629883,-0.09526944160461426,0.02098625898361206,-0.06753599643707275,0.0650249719619751,-0.09999257326126099,0.057517051696777344,-0.10676324367523193,0.04123079776763916,-0.07328659296035767,0.028501451015472412,-0.049109458923339844
one_finger_circle,0.021216511726379395,0.024000883102416992,-0.013199150562286377,-0.009630858898162842,-0.026803135871887207,-0.06223797798156738,-0.005018055438995361,-0.10099244117736816,0.022431373596191406,-0.12133198976516724,-0.022519588470458984,-0.14936190843582153,-0.024131178855895996,-0.22013753652572632,-0.0231131911277771,-0.26592880487442017,-0.021875441074371338,-0.3049486577510834,0.0077506303787231445,-0.14981681108474731,0.004133343696594238,-0.22713840007781982,0.002427995204925537,-0.276437371969223,0.0023624300956726074,-0.3185076117515564,0.0369035005569458,-0.13095563650131226,0.030222296714782715,-0.13969343900680542,0.016308486461639404,-0.09842854738235474,0.008779823780059814,-0.0704384446144104,0.05895256996154785,-0.09984904527664185,0.04582703113555908,-0.09966135025024414,0.027407526969909668,-0.06828778982162476,0.01531761884689331,-0.04646950960159302
one_finger_circle,0.017895758152008057,0.024866938591003418,-0.017188429832458496,-0.0094757080078125,-0.032526373863220215,-0.06485909223556519,-0.009462535381317139,-0.10386252403259277,0.019433557987213135,-0.12510424852371216,-0.026440441608428955,-0.15082138776779175,-0.029361307621002197,-0.2221524715423584,-0.02963656187057495,-0.2672894597053528,-0.029865622520446777,-0.30556410551071167,0.003914773464202881,-0.15205508470535278,-0.00024020671844482422,-0.22900527715682983,-0.0032625198364257812,-0.2773740291595459,-0.0049495697021484375,-0.3180093765258789,0.03266221284866333,-0.1341601014137268,0.02363717555999756,-0.14106333255767822,0.010965168476104736,-0.10127389430999756,0.0048500895500183105,-0.07442337274551392,0.054262757301330566,-0.10409152507781982,0.0384485125541687,-0.0992441177368164,0.021150946617126465,-0.06643599271774292,0.011096179485321045,-0.04401111602783203
one_finger_circle,0.012899816036224365,0.01941812038421631,-0.021258533000946045,-0.0121193528175354,-0.03707277774810791,-0.0645485520362854,-0.015925049781799316,-0.10282957553863525,0.012609243392944336,-0.12149280309677124,-0.030742108821868896,-0.15534168481826782,-0.03458648920059204,-0.2262290120124817,-0.03502225875854492,-0.2702785134315491,-0.034698545932769775,-0.30761420726776123,-0.0013036131858825684,-0.15711522102355957,-0.0071204304695129395,-0.23182281851768494,-0.010030686855316162,-0.2790709137916565,-0.010958552360534668,-0.3182012438774109,0.02650827169418335,-0.1392861008644104,0.02099388837814331,-0.14533793926239014,0.008739888668060303,-0.10675060749053955,0.0018939971923828125,-0.08027595281600952,0.04716759920120239,-0.1092609167098999,0.03428375720977783,-0.1008150577545166,0.015511631965637207,-0.06994438171386719,0.0027613043785095215,-0.04872894287109375
one_finger_circle,0.012905478477478027,0.022340059280395508,-0.021260499954223633,-0.009574711322784424,-0.03632640838623047,-0.06270009279251099,-0.015275061130523682,-0.10301446914672852,0.011884927749633789,-0.12536656856536865,-0.031041860580444336,-0.15423989295959473,-0.03547018766403198,-0.22436833381652832,-0.03586435317993164,-0.26867711544036865,-0.03541064262390137,-0.30681389570236206,-0.0007048845291137695,-0.1550832986831665,-0.007194578647613525,-0.23049652576446533,-0.011110126972198486,-0.2774829864501953,-0.012941598892211914,-0.31713855266571045,0.027624845504760742,-0.13533061742782593,0.021030306816101074,-0.14375007152557373,0.007071554660797119,-0.10397440195083618,-0.00024271011352539062,-0.07799005508422852,0.04791092872619629,-0.10310041904449463,0.03390926122665405,-0.0959351658821106,0.014340996742248535,-0.06527155637741089,0.0016739964485168457,-0.04535561800003052
one_finger_circle,0.012140154838562012,0.022272050380706787,-0.022105753421783447,-0.010110735893249512,-0.03719383478164673,-0.06345653533935547,-0.014947056770324707,-0.10404056310653687,0.012903094291687012,-0.12460994720458984,-0.031854093074798584,-0.15351152420043945,-0.035831451416015625,-0.22321036458015442,-0.03674203157424927,-0.26707518100738525,-0.036763548851013184,-0.30498331785202026,-0.0011714696884155273,-0.15498429536819458,-0.007898986339569092,-0.22935381531715393,-0.0113486647605896,-0.27726471424102783,-0.012764334678649902,-0.317432701587677,0.027589023113250732,-0.13589239120483398,0.020063281059265137,-0.143263578414917,0.006745040416717529,-0.10513037443161011,-0.0006029605865478516,-0.07854914665222168,0.04842662811279297,-0.1045910120010376,0.032631874084472656,-0.09697723388671875,0.01265871524810791,-0.06717801094055176,-0.0005328655242919922,-0.04605543613433838
one_finger_circle,0.01296907663345337,0.02438300848007202,-0.021650314331054688,-0.008494853973388672,-0.035858333110809326,-0.06191110610961914,-0.012661457061767578,-0.10307526588439941,0.015723109245300293,-0.12200629711151123,-0.030514657497406006,-0.1510850191116333,-0.03485429286956787,-0.2217724323272705,-0.035350918769836426,-0.26638537645339966,-0.03500467538833618,-0.30484509468078613,-0.00048542022705078125,-0.1508859395980835,-0.006490528583526611,-0.226925790309906,-0.009773194789886475,-0.2753252387046814,-0.011103212833404541,-0.31602126359939575,0.027814626693725586,-0.13052529096603394,0.023842334747314453,-0.1423884630203247,0.009767413139343262,-0.10107821226119995,0.0012609362602233887,-0.07328182458877563,0.048800885677337646,-0.097622811794281,0.03803384304046631,-0.09893375635147095,0.019314467906951904,-0.06659567356109619,0.006572544574737549,-0.04377603530883789
one_finger_circle,0.01450502872467041,0.02365565299987793,-0.02087223529815674,-0.009334444999694824,-0.03567659854888916,-0.06324237585067749,-0.013335227966308594,-0.10230278968811035,0.015354692935943604,-0.12057656049728394,-0.030732393264770508,-0.1537126898765564,-0.03459709882736206,-0.2237837314605713,-0.034896671772003174,-0.26743200421333313,-0.03491240739822388,-0.30476564168930054,-0.00013321638107299805,-0.15381407737731934,-0.00526505708694458,-0.22762981057167053,-0.008642375469207764,-0.2749680280685425,-0.010970234870910645,-0.31484687328338623,0.028181791305541992,-0.1331862211227417,0.026136279106140137,-0.14241629838943481,0.012096583843231201,-0.10205066204071045,0.002808809280395508,-0.07412320375442505,0.048654258251190186,-0.09981179237365723,0.03801006078720093,-0.09197801351547241,0.018776893615722656,-0.0599406361579895,0.004644572734832764,-0.03743577003479004
one_finger_circle,0.0,0.0,-0.034829139709472656,-0.03510558605194092,-0.0483931303024292,-0.09487444162368774,-0.023339152336120605,-0.13684242963790894,0.005859971046447754,-0.15609067678451538,-0.04358208179473877,-0.1819981336593628,-0.04514312744140625,-0.2569347620010376,-0.04327112436294556,-0.30361208319664,-0.04082345962524414,-0.3435775637626648,-0.012315750122070312,-0.18138140439987183,-0.016849100589752197,-0.26085010170936584,-0.018806636333465576,-0.31043291091918945,-0.01821756362915039,-0.352525532245636,0.017467856407165527,-0.1615065336227417,0.009783148765563965,-0.16921144723892212,-0.0051361918449401855,-0.1272188425064087,-0.012437105178833008,-0.10095489025115967,0.03981059789657593,-0.1299305558204651,0.023554980754852295,-0.12586462497711182,0.004688560962677002,-0.09161156415939331,-0.005395710468292236,-0.07030898332595825
one_finger_circle,0.0008386969566345215,0.0005435943603515625,-0.03375566005706787,-0.03433346748352051,-0.04841548204421997,-0.09251844882965088,-0.024147510528564453,-0.13564908504486084,0.005175590515136719,-0.15690350532531738,-0.04273843765258789,-0.18167352676391602,-0.043943941593170166,-0.25709033012390137,-0.04284083843231201,-0.30391058325767517,-0.041612446308135986,-0.34388071298599243,-0.011728346347808838,-0.1800420880317688,-0.014612197875976562,-0.26136133074760437,-0.015826821327209473,-0.3118011951446533,-0.015285491943359375,-0.3542409837245941,0.017683804035186768,-0.15887302160263062,0.011572778224945068,-0.17202293872833252,-0.0038274526596069336,-0.12996149063110352,-0.01214057207107544,-0.10268378257751465,0.039832234382629395,-0.12594473361968994,0.02660071849822998,-0.1289648413658142,0.007405281066894531,-0.0954393744468689,-0.004074811935424805,-0.07301634550094604
one_finger_circle,-0.0013646483421325684,-0.002458035945892334,-0.035431504249572754,-0.037268221378326416,-0.04919153451919556,-0.09518849849700928,-0.025991499423980713,-0.13810914754867554,0.002126634120941162,-0.16087329387664795,-0.044158339500427246,-0.18592864274978638,-0.045790791511535645,-0.26060473918914795,-0.04476982355117798,-0.3073328733444214,-0.04290163516998291,-0.34665167331695557,-0.01235872507095337,-0.184745192527771,-0.01588284969329834,-0.26428598165512085,-0.018213927745819092,-0.31491053104400635,-0.01789027452468872,-0.35647836327552795,0.017660558223724365,-0.16437405347824097,0.006702601909637451,-0.17449045181274414,-0.007396697998046875,-0.13297808170318604,-0.012706458568572998,-0.1059119701385498,0.03960460424423218,-0.13283592462539673,0.022199928760528564,-0.134443998336792,0.003917813301086426,-0.10154658555984497,-0.004563450813293457,-0.07948541641235352
one_finger_circle,-0.002630889415740967,-0.007392227649688721,-0.038847386837005615,-0.04046046733856201,-0.05636632442474365,-0.09802472591400146,-0.03408747911453247,-0.14326637983322144,-0.003531813621520996,-0.16407722234725952,-0.05090963840484619,-0.18530720472335815,-0.053859174251556396,-0.261034220457077,-0.05457282066345215,-0.30873385071754456,-0.05497944355010986,-0.34875720739364624,-0.019497811794281006,-0.1846909523010254,-0.023705244064331055,-0.26680701971054077,-0.027755439281463623,-0.31780731678009033,-0.029800474643707275,-0.3608163893222809,0.010504722595214844,-0.16459423303604126,-0.00028192996978759766,-0.17791062593460083,-0.013035833835601807,-0.13630706071853638,-0.017326295375823975,-0.10868066549301147,0.0330851674079895,-0.13240033388137817,0.015107274055480957,-0.1367090344429016,-0.0023395419120788574,-0.10434448719024658,-0.010035336017608643,-0.08181476593017578
one_finger_circle,-0.007672786712646484,-0.012462854385375977,-0.04349309206008911,-0.0462915301322937,-0.06098204851150513,-0.10181820392608643,-0.04150426387786865,-0.1406714916229248,-0.013175785541534424,-0.1584784984588623,-0.05514007806777954,-0.18818891048431396,-0.06041377782821655,-0.2627977430820465,-0.06229490041732788,-0.309828519821167,-0.06329125165939331,-0.3494802415370941,-0.023303747177124023,-0.19073235988616943,-0.03144782781600952,-0.27020615339279175,-0.03735554218292236,-0.3206729292869568,-0.04083096981048584,-0.36269238591194153,0.0076751708984375,-0.17292553186416626,-0.008771955966949463,-0.17767471075057983,-0.021261394023895264,-0.13751477003097534,-0.025065124034881592,-0.10935252904891968,0.030272066593170166,-0.14285701513290405,0.006533622741699219,-0.13475757837295532,-0.012845456600189209,-0.1049879789352417,-0.021624088287353516,-0.08436214923858643
one_finger_circle,-0.016303718090057373,-0.016489863395690918,-0.05246180295944214,-0.045024335384368896,-0.07445859909057617,-0.09597045183181763,-0.05901879072189331,-0.1322001814842224,-0.034607529640197754,-0.15104061365127563,-0.0668371319770813,-0.18372023105621338,-0.07670986652374268,-0.25478488206863403,-0.08230239152908325,-0.29970017075538635,-0.08506274223327637,-0.33756089210510254,-0.03458493947982788,-0.18827104568481445,-0.04764914512634277,-0.26329267024993896,-0.05936068296432495,-0.3104463219642639,-0.0671340823173523,-0.34910088777542114,-0.0035108327865600586,-0.17252397537231445,-0.023748278617858887,-0.1782558560371399,-0.036318302154541016,-0.139981210231781,-0.039904236793518066,-0.11133408546447754,0.018590450286865234,-0.1440647840499878,-0.010426759719848633,-0.1281975507736206,-0.030466198921203613,-0.09692251682281494,-0.038817763328552246,-0.07508528232574463
one_finger_circle,-0.020008862018585205,-0.010830938816070557,-0.0598752498626709,-0.037811875343322754,-0.08678758144378662,-0.0817146897315979,-0.07938802242279053,-0.1168290376663208,-0.05404406785964966,-0.12992340326309204,-0.07815384864807129,-0.17264443635940552,-0.09226441383361816,-0.23930490016937256,-0.10192888975143433,-0.28263622522354126,-0.10767972469329834,-0.3200794458389282,-0.04568713903427124,-0.18265658617019653,-0.06410980224609375,-0.25040537118911743,-0.07865911722183228,-0.29536259174346924,-0.08929389715194702,-0.3338537812232971,-0.014345407485961914,-0.1702173352241516,-0.04292517900466919,-0.1639743447303772,-0.054205238819122314,-0.12947183847427368,-0.05610150098800659,-0.10544735193252563,0.006810367107391357,-0.1429513692855835,-0.029947340488433838,-0.11140787601470947,-0.04924219846725464,-0.08320635557174683,-0.05635666847229004,-0.06519079208374023
one_finger_circle,-0.023518621921539307,-0.001623988151550293,-0.06572943925857544,-0.030386805534362793,-0.09518474340438843,-0.06948232650756836,-0.09809154272079468,-0.10051637887954712,-0.07400697469711304,-0.10435384511947632,-0.08021402359008789,-0.15762054920196533,-0.10062462091445923,-0.21915006637573242,-0.11505454778671265,-0.25779950618743896,-0.124458909034729,-0.29150426387786865,-0.05001765489578247,-0.168046772480011,-0.0751953125,-0.22857651114463806,-0.09485256671905518,-0.2683039903640747,-0.11086636781692505,-0.3035317063331604,-0.021420300006866455,-0.15434366464614868,-0.0580173134803772,-0.1398146152496338,-0.0658610463142395,-0.10755890607833862,-0.0640110969543457,-0.09014666080474854,-0.005124270915985107,-0.12372750043869019,-0.046949565410614014,-0.08899515867233276,-0.06252795457839966,-0.062442004680633545,-0.06545805931091309,-0.04794341325759888
one_finger_circle,-0.02181553840637207,0.0029814839363098145,-0.06571507453918457,-0.022266864776611328,-0.09944677352905273,-0.059431254863739014,-0.10396718978881836,-0.08670729398727417,-0.08170652389526367,-0.08986198902130127,-0.08615237474441528,-0.1502443552017212,-0.10827946662902832,-0.20595192909240723,-0.12325459718704224,-0.2422073781490326,-0.1326991319656372,-0.2742666006088257,-0.055443644523620605,-0.15904980897903442,-0.0823104977607727,-0.21603989601135254,-0.10406988859176636,-0.2526712119579315,-0.1207021176815033,-0.28748995065689087,-0.026457369327545166,-0.1441347599029541,-0.06762194633483887,-0.12394046783447266,-0.07495969533920288,-0.08920890092849731,-0.0696449875831604,-0.07455092668533325,-0.01023775339126587,-0.1116642951965332,-0.05595254898071289,-0.06974685192108154,-0.06675714254379272,-0.042372047901153564,-0.06244337558746338,-0.03164315223693848
one_finger_circle,-0.017333149909973145,0.011559903621673584,-0.06748592853546143,-0.012231111526489258,-0.10307735204696655,-0.04219132661819458,-0.11191833019256592,-0.060793161392211914,-0.09060066938400269,-0.05642205476760864,-0.09127765893936157,-0.12837272882461548,-0.11513131856918335,-0.17892026901245117,-0.13252916932106018,-0.21107763051986694,-0.14560899138450623,-0.23993432521820068,-0.06097501516342163,-0.1381651759147644,-0.08983564376831055,-0.18386238813400269,-0.11489367485046387,-0.21393942832946777,-0.13671612739562988,-0.24591058492660522,-0.03263139724731445,-0.12434232234954834,-0.08083617687225342,-0.09204685688018799,-0.08356243371963501,-0.05930584669113159,-0.07454931735992432,-0.05515408515930176,-0.018019914627075195,-0.09005755186080933,-0.0661078691482544,-0.04022181034088135,-0.0685538649559021,-0.018959760665893555,-0.056561291217803955,-0.020050883293151855
one_finger_circle,-0.009541153907775879,0.018001019954681396,-0.060007333755493164,-0.003681778907775879,-0.09812355041503906,-0.025639653205871582,-0.11407408118247986,-0.028860151767730713,-0.09640049934387207,-0.02482396364212036,-0.08768028020858765,-0.11376357078552246,-0.11608090996742249,-0.1493382453918457,-0.13784703612327576,-0.17325979471206665,-0.15533602237701416,-0.1947096288204193,-0.05930453538894653,-0.11924713850021362,-0.09499484300613403,-0.15555912256240845,-0.1253543496131897,-0.17701661586761475,-0.1504128873348236,-0.19937586784362793,-0.033545076847076416,-0.10158282518386841,-0.08605456352233887,-0.062110841274261475,-0.08483171463012695,-0.0327414870262146,-0.07373631000518799,-0.03454774618148804,-0.01849830150604248,-0.06482112407684326,-0.0685531497001648,-0.010452985763549805,-0.06817865371704102,0.006173968315124512,-0.05626821517944336,-0.003643333911895752
one_finger_circle,-0.002361476421356201,0.021149158477783203,-0.05449730157852173,0.0007683038711547852,-0.09495919942855835,-0.01949244737625122,-0.11229962110519409,-0.018094241619110107,-0.09585273265838623,-0.009397029876708984,-0.0755578875541687,-0.10426360368728638,-0.10952264070510864,-0.13461178541183472,-0.13559824228286743,-0.15317517518997192,-0.15769606828689575,-0.16996455192565918,-0.05150258541107178,-0.10598284006118774,-0.09533292055130005,-0.133001446723938,-0.1287609338760376,-0.152557373046875,-0.15649840235710144,-0.1725359559059143,-0.030172288417816162,-0.08505100011825562,-0.08593612909317017,-0.03619450330734253,-0.08196443319320679,-0.015911519527435303,-0.06986123323440552,-0.02378171682357788,-0.01776421070098877,-0.047582268714904785,-0.06792473793029785,0.006776928901672363,-0.06640619039535522,0.016717612743377686,-0.0550154447555542,0.002715587615966797
one_finger_circle,-0.0019534826278686523,0.029764890670776367,-0.05236881971359253,0.013850569725036621,-0.09467142820358276,-0.0012950301170349121,-0.11253654956817627,0.009396970272064209,-0.09191024303436279,0.026064693927764893,-0.07390886545181274,-0.09059959650039673,-0.11300384998321533,-0.10368269681930542,-0.13984060287475586,-0.11080378293991089,-0.164279043674469,-0.11834287643432617,-0.04980510473251343,-0.08608651161193848,-0.09641814231872559,-0.10103607177734375,-0.12711501121520996,-0.10995364189147949,-0.15235304832458496,-0.11945593357086182,-0.028521716594696045,-0.06053584814071655,-0.08218497037887573,-0.0020615458488464355,-0.07590717077255249,0.01129603385925293,-0.06186610460281372,0.00026023387908935547,-0.016449570655822754,-0.02139449119567871,-0.06247532367706299,0.033543944358825684,-0.05867290496826172,0.038180410861968994,-0.04652363061904907,0.021242499351501465
one_finger_circle,0.009896278381347656,0.04641300439834595,-0.03920483589172363,0.027052223682403564,-0.0820353627204895,0.014818012714385986,-0.10055845975875854,0.04237276315689087,-0.0889139175415039,0.07015562057495117,-0.0694279670715332,-0.06390362977981567,-0.10712355375289917,-0.06669944524765015,-0.13631165027618408,-0.06187647581100464,-0.16240963339805603,-0.056059181690216064,-0.04368877410888672,-0.058012545108795166,-0.0898352861404419,-0.06164830923080444,-0.12153077125549316,-0.06325477361679077,-0.1469203233718872,-0.0642547607421875,-0.020905792713165283,-0.03278398513793945,-0.07444107532501221,0.03152263164520264,-0.07000201940536499,0.046164512634277344,-0.058874428272247314,0.03586089611053467,-0.006576240062713623,0.005070507526397705,-0.05406767129898071,0.06201815605163574,-0.052072763442993164,0.0678790807723999,-0.041889727115631104,0.05204451084136963
one_finger_circle,0.017127573490142822,0.05640363693237305,-0.027199745178222656,0.03418123722076416,-0.06916660070419312,0.028202295303344727,-0.08931535482406616,0.06567317247390747,-0.08207309246063232,0.1018323302268982,-0.0539698600769043,-0.04399454593658447,-0.09249573945999146,-0.03759479522705078,-0.12140342593193054,-0.02109980583190918,-0.14432889223098755,-0.005350053310394287,-0.026892244815826416,-0.032781124114990234,-0.07521474361419678,-0.025822103023529053,-0.1087644100189209,-0.01928812265396118,-0.13207918405532837,-0.012879729270935059,-0.005312144756317139,-0.0038813352584838867,-0.05918926000595093,0.05583035945892334,-0.06048470735549927,0.06579673290252686,-0.05215710401535034,0.05652761459350586,0.007201850414276123,0.03322243690490723,-0.04195445775985718,0.0853186845779419,-0.04543524980545044,0.09160393476486206,-0.038158416748046875,0.08127093315124512
one_finger_circle,0.019562482833862305,0.0686255693435669,-0.023321151733398438,0.050136029720306396,-0.06228351593017578,0.04577910900115967,-0.07714802026748657,0.0814594030380249,-0.06888723373413086,0.11571246385574341,-0.05634540319442749,-0.030369937419891357,-0.09264147281646729,-0.014524638652801514,-0.11792522668838501,0.001911938190460205,-0.13758403062820435,0.014608204364776611,-0.02738475799560547,-0.020996272563934326,-0.07292580604553223,-0.0017012357711791992,-0.10320836305618286,0.010025620460510254,-0.12316814064979553,0.02025771141052246,-0.0005015730857849121,0.006470143795013428,-0.04960000514984131,0.06703495979309082,-0.05417454242706299,0.08286237716674805,-0.04791897535324097,0.08051884174346924,0.01805168390274048,0.044019103050231934,-0.028698444366455078,0.09720635414123535,-0.0359950065612793,0.10501116514205933,-0.03166884183883667,0.09667056798934937
one_finger_circle,0.02464991807937622,0.10363566875457764,-0.010779798030853271,0.11280059814453125,-0.04883444309234619,0.10955464839935303,-0.058843791484832764,0.11275374889373779,-0.04396611452102661,0.11989158391952515,-0.06799101829528809,0.005569338798522949,-0.10320669412612915,0.05076777935028076,-0.08542662858963013,0.08168011903762817,-0.0669548511505127,0.07871150970458984,-0.04138827323913574,-0.002175271511077881,-0.07746762037277222,0.0472489595413208,-0.06403517723083496,0.07729071378707886,-0.0517657995223999,0.076649010181427,-0.012415170669555664,0.007827341556549072,-0.04311633110046387,0.06842869520187378,-0.028444886207580566,0.100425124168396,-0.014668107032775879,0.10047584772109985,0.016110599040985107,0.027310490608215332,-0.013725042343139648,0.07913720607757568,-0.006527900695800781,0.10422712564468384,0.005311846733093262,0.10686862468719482
one_finger_circle,0.0473751425743103,0.1064983606338501,0.009733378887176514,0.09891092777252197,-0.020172119140625,0.10031044483184814,-0.03541839122772217,0.11817687749862671,-0.030880868434906006,0.1372581124305725,-0.01780778169631958,0.0026121139526367188,-0.05833405256271362,0.07930368185043335,-0.0495450496673584,0.10406512022018433,-0.035564422607421875,0.0987621545791626,0.013268709182739258,0.014288365840911865,-0.03127133846282959,0.0968596339225769,-0.023891925811767578,0.11665886640548706,-0.014129936695098877,0.1103927493095398,0.040791332721710205,0.03926670551300049,-0.0040299296379089355,0.11730128526687622,-0.0011931657791137695,0.1310330629348755,0.00620037317276001,0.12206107378005981,0.06297510862350464,0.07128572463989258,0.021643459796905518,0.1262919306755066,0.017818033695220947,0.13453352451324463,0.021770775318145752,0.12477505207061768
one_finger_circle,0.052712082862854004,0.11059749126434326,0.019929468631744385,0.1147533655166626,-0.0039904117584228516,0.1201598048210144,-0.003986060619354248,0.13814586400985718,0.013543248176574707,0.15655863285064697,0.002341747283935547,0.02445542812347412,-0.004207491874694824,0.09173089265823364,-0.0018007159233093262,0.12074095010757446,-0.0004190206527709961,0.1220541000366211,0.03328937292098999,0.027235746383666992,0.02953052520751953,0.1002851128578186,0.02684462070465088,0.1300475001335144,0.023389101028442383,0.13322949409484863,0.061192452907562256,0.04449892044067383,0.05837368965148926,0.11321300268173218,0.05088496208190918,0.1386507749557495,0.04313236474990845,0.14210671186447144,0.08398604393005371,0.06894862651824951,0.08116275072097778,0.12201768159866333,0.07154595851898193,0.14315855503082275,0.06293195486068726,0.14746904373168945
one_finger_circle,0.059866368770599365,0.09923374652862549,0.028468430042266846,0.10885196924209595,0.007011055946350098,0.12197023630142212,0.012131571769714355,0.14488822221755981,0.033761799335479736,0.16298967599868774,0.00988095998764038,0.03149569034576416,0.008477091789245605,0.10712242126464844,0.01941084861755371,0.13370227813720703,0.028388559818267822,0.13339334726333618,0.040261805057525635,0.03203612565994263,0.043331027030944824,0.10708588361740112,0.04521733522415161,0.13734650611877441,0.04619330167770386,0.14380007982254028,0.06876856088638306,0.04609870910644531,0.07141804695129395,0.11600297689437866,0.06779646873474121,0.14222562313079834,0.06432408094406128,0.14846783876419067,0.09367996454238892,0.06701356172561646,0.0940316915512085,0.11779165267944336,0.08721727132797241,0.1389145851135254,0.08341705799102783,0.14478522539138794
one_finger_circle,0.07155084609985352,0.11876243352890015,0.04229533672332764,0.12922322750091553,0.02739053964614868,0.1379815936088562,0.04574322700500488,0.15576279163360596,0.07618206739425659,0.1707349419593811,0.026411473751068115,0.039886474609375,0.045526087284088135,0.10964524745941162,0.054352760314941406,0.124278724193573,0.060448288917541504,0.11493390798568726,0.05285888910293579,0.03475165367126465,0.07036328315734863,0.1071540117263794,0.07233262062072754,0.12119239568710327,0.07365280389785767,0.11735451221466064,0.07822632789611816,0.0445747971534729,0.0942072868347168,0.10986185073852539,0.0916588306427002,0.12392210960388184,0.08814233541488647,0.12265431880950928,0.10268115997314453,0.0615314245223999,0.1119300127029419,0.10427862405776978,0.10569983720779419,0.12483841180801392,0.10088187456130981,0.13302123546600342
one_finger_circle,0.07032698392868042,0.0631149411201477,0.05051141977310181,0.09855479001998901,0.04172593355178833,0.12961816787719727,0.06640607118606567,0.15057867765426636,0.09843271970748901,0.15790921449661255,0.03150904178619385,0.055057525634765625,0.056422412395477295,0.11963778734207153,0.07965898513793945,0.14963370561599731,0.09860503673553467,0.16621720790863037,0.06013375520706177,0.03137087821960449,0.08778858184814453,0.10333067178726196,0.10262089967727661,0.13657915592193604,0.11174541711807251,0.15683519840240479,0.08692997694015503,0.020802974700927734,0.11337709426879883,0.08530086278915405,0.12297606468200684,0.10682320594787598,0.1272519826889038,0.11705952882766724,0.10977745056152344,0.02040475606918335,0.1237230896949768,0.0656733512878418,0.12656599283218384,0.09528571367263794,0.1290452480316162,0.1143651008605957
one_finger_circle,0.09304690361022949,0.10692590475082397,0.06947195529937744,0.12808018922805786,0.05433917045593262,0.13849949836730957,0.075522780418396,0.14518076181411743,0.10525858402252197,0.14526087045669556,0.03795081377029419,0.04942363500595093,0.057652413845062256,0.07115525007247925,0.07900679111480713,0.08206009864807129,0.0982864499092102,0.08951926231384277,0.06477630138397217,0.029005885124206543,0.0927848219871521,0.05342215299606323,0.11179196834564209,0.07282239198684692,0.1262582540512085,0.09024167060852051,0.09030759334564209,0.023630499839782715,0.12021398544311523,0.05497497320175171,0.13226550817489624,0.08591216802597046,0.1379849910736084,0.11226117610931396,0.11268866062164307,0.030263781547546387,0.13314253091812134,0.052475154399871826,0.14120477437973022,0.08168983459472656,0.1461402177810669,0.10640579462051392
one_finger_circle,0.10857200622558594,0.11757469177246094,0.08441543579101562,0.13067913055419922,0.07040935754776001,0.12339264154434204,0.0963563323020935,0.11511200666427612,0.1306324005126953,0.1094975471496582,0.060193002223968506,0.04682028293609619,0.07733094692230225,0.031249284744262695,0.1093834638595581,0.0429040789604187,0.13721024990081787,0.05606037378311157,0.0829816460609436,0.02754122018814087,0.10988801717758179,0.015809714794158936,0.140661358833313,0.033689796924591064,0.163346529006958,0.052455246448516846,0.10429644584655762,0.022247016429901123,0.12765389680862427,0.01393193006515503,0.14930468797683716,0.04078871011734009,0.16322946548461914,0.06604677438735962,0.1217803955078125,0.030107080936431885,0.14063042402267456,0.022456228733062744,0.15509098768234253,0.043805837631225586,0.1651296615600586,0.06501936912536621
one_finger_circle,0.08885043859481812,0.08390605449676514,0.0783417820930481,0.10263073444366455,0.08590763807296753,0.09480607509613037,0.12108021974563599,0.08609199523925781,0.14615601301193237,0.07146930694580078,0.07028853893280029,0.027034997940063477,0.09104037284851074,0.008717000484466553,0.11560291051864624,-0.0064806342124938965,0.142686128616333,-0.01564311981201172,0.09856259822845459,0.0034824013710021973,0.13311922550201416,-0.0015475153923034668,0.1648857593536377,-0.008082866668701172,0.18981856107711792,-0.01357489824295044,0.12226599454879761,0.0009558200836181641,0.15166205167770386,0.03241837024688721,0.14693903923034668,0.06787985563278198,0.1371055245399475,0.08822530508041382,0.14091795682907104,0.011107206344604492,0.15945321321487427,0.04323810338973999,0.1522132158279419,0.06830096244812012,0.14334452152252197,0.07994884252548218
one_finger_circle,0.08603852987289429,0.06888210773468018,0.06847792863845825,0.05588853359222412,0.07999998331069946,0.037648916244506836,0.11663836240768433,0.04673576354980469,0.14834517240524292,0.05295485258102417,0.09900689125061035,-0.022252559661865234,0.12929540872573853,-0.042315900325775146,0.15470445156097412,-0.05930238962173462,0.1766718029975891,-0.07457590103149414,0.12829220294952393,-0.014592528343200684,0.14938807487487793,0.019710779190063477,0.13447731733322144,0.05260300636291504,0.12062758207321167,0.06608355045318604,0.14820480346679688,0.0021890997886657715,0.16260886192321777,0.039829254150390625,0.1415809988975525,0.061217427253723145,0.12509548664093018,0.062225520610809326,0.15977531671524048,0.02261066436767578,0.16506385803222656,0.05520474910736084,0.1499626636505127,0.06920480728149414,0.1377633810043335,0.06900238990783691
one_finger_circle,0.0911630392074585,0.0528409481048584,0.07507514953613281,0.0339016318321228,0.08514845371246338,0.014986813068389893,0.11415404081344604,0.019102394580841064,0.13805001974105835,0.021655797958374023,0.10040295124053955,-0.04340153932571411,0.1272236704826355,-0.06851249933242798,0.15120810270309448,-0.08918774127960205,0.171328604221344,-0.10623568296432495,0.12701255083084106,-0.027550339698791504,0.15228790044784546,-0.01802760362625122,0.14005285501480103,0.009931445121765137,0.1253221035003662,0.024346888065338135,0.14646035432815552,-0.006242513656616211,0.163582444190979,0.005972504615783691,0.14751732349395752,0.025569379329681396,0.1340726613998413,0.029988467693328857,0.15854096412658691,0.016018450260162354,0.16650110483169556,0.028740763664245605,0.15539515018463135,0.04101592302322388,0.14672207832336426,0.044217824935913086
one_finger_circle,0.0851392149925232,0.057488083839416504,0.06639373302459717,0.038584232330322266,0.07384878396987915,0.005392730236053467,0.11287933588027954,-0.009637773036956787,0.1426662802696228,-0.028799593448638916,0.08357101678848267,-0.090415358543396,0.11203771829605103,-0.14580416679382324,0.13835853338241577,-0.18305522203445435,0.1616695523262024,-0.2146623730659485,0.11141520738601685,-0.08634859323501587,0.1318204402923584,-0.1438928246498108,0.15336215496063232,-0.18299603462219238,0.17487484216690063,-0.21922436356544495,0.13129651546478271,-0.06764817237854004,0.1466376781463623,-0.054421067237854004,0.13101810216903687,-0.015907466411590576,0.11687415838241577,0.004010796546936035,0.14274179935455322,-0.041677653789520264,0.15124642848968506,-0.030179619789123535,0.13679510354995728,-0.0055092573165893555,0.12218916416168213,0.004950582981109619
one_finger_circle,0.08196783065795898,0.038454651832580566,0.061015546321868896,0.013401687145233154,0.06375241279602051,-0.027925550937652588,0.10015100240707397,-0.05580562353134155,0.12778329849243164,-0.07612669467926025,0.06939554214477539,-0.12270796298980713,0.08782893419265747,-0.18661504983901978,0.10684162378311157,-0.23013240098953247,0.12339961528778076,-0.26486891508102417,0.0949239730834961,-0.1177666187286377,0.1073337197303772,-0.1865091323852539,0.12443935871124268,-0.22912806272506714,0.13995277881622314,-0.2660421133041382,0.11485397815704346,-0.09557574987411499,0.12782073020935059,-0.09758615493774414,0.11817264556884766,-0.06217151880264282,0.10873335599899292,-0.04379880428314209,0.12819266319274902,-0.06224030256271362,0.1354007124900818,-0.06317001581192017,0.12328869104385376,-0.03412294387817383,0.10962605476379395,-0.015310883522033691
one_finger_circle,0.06661641597747803,0.022448420524597168,0.04405182600021362,-0.008247196674346924,0.04395091533660889,-0.054659128189086914,0.07475250959396362,-0.08691561222076416,0.10041320323944092,-0.10842663049697876,0.04697012901306152,-0.14874976873397827,0.060163140296936035,-0.21753865480422974,0.07469302415847778,-0.2634805142879486,0.08591353893280029,-0.30077916383743286,0.07179832458496094,-0.1401357650756836,0.08070534467697144,-0.21643120050430298,0.09407532215118408,-0.26234716176986694,0.10597562789916992,-0.30132871866226196,0.0932202935218811,-0.11369144916534424,0.10198324918746948,-0.1127510666847229,0.08950233459472656,-0.07339119911193848,0.07834428548812866,-0.051008403301239014,0.10762965679168701,-0.07768332958221436,0.11011719703674316,-0.07910370826721191,0.0958356261253357,-0.04938012361526489,0.08215433359146118,-0.03132212162017822
one_finger_circle,0.05348539352416992,0.021619737148284912,0.026963114738464355,-0.014722228050231934,0.027519285678863525,-0.06755101680755615,0.0627298355102539,-0.10022115707397461,0.0913461446762085,-0.11850196123123169,0.03315609693527222,-0.1552598476409912,0.04390227794647217,-0.2245396077632904,0.05564701557159424,-0.27281975746154785,0.06428754329681396,-0.31255149841308594,0.05996662378311157,-0.14508163928985596,0.06639623641967773,-0.22499215602874756,0.07652366161346436,-0.2746000289916992,0.08563989400863647,-0.3157004714012146,0.08343386650085449,-0.11676442623138428,0.08956658840179443,-0.12159258127212524,0.07543045282363892,-0.08078610897064209,0.0639495849609375,-0.05668151378631592,0.10031783580780029,-0.07838964462280273,0.1010943055152893,-0.08591628074645996,0.08451187610626221,-0.05318641662597656,0.07050490379333496,-0.03192085027694702
one_finger_circle,0.039131879806518555,0.022114872932434082,0.008034765720367432,-0.022029876708984375,0.004857480525970459,-0.07900339365005493,0.03488779067993164,-0.11774933338165283,0.06400388479232788,-0.13537752628326416,0.008259296417236328,-0.1652509570121765,0.013335168361663818,-0.23834463953971863,0.020137310028076172,-0.28657734394073486,0.024932801723480225,-0.32570910453796387,0.03614622354507446,-0.15618646144866943,0.037391722202301025,-0.2377278208732605,0.04127770662307739,-0.28690797090530396,0.045041441917419434,-0.32710757851600647,0.06276804208755493,-0.1293482780456543,0.06342369318008423,-0.14065468311309814,0.05007898807525635,-0.1002814769744873,0.03993743658065796,-0.07676619291305542,0.0823204517364502,-0.09180271625518799,0.07954710721969604,-0.11025130748748779,0.06281536817550659,-0.07821822166442871,0.04928886890411377,-0.05650150775909424
one_finger_circle,0.025005817413330078,0.02144026756286621,-0.009953200817108154,-0.017778217792510986,-0.022018253803253174,-0.08008921146392822,0.0033963918685913086,-0.12011420726776123,0.033799707889556885,-0.13662970066070557,-0.014286398887634277,-0.16475558280944824,-0.014804542064666748,-0.23784929513931274,-0.01293325424194336,-0.28500694036483765,-0.011697113513946533,-0.32468822598457336,0.015831172466278076,-0.1616235375404358,0.012635290622711182,-0.24087154865264893,0.00980454683303833,-0.2906177043914795,0.008590459823608398,-0.3328334093093872,0.043681442737579346,-0.13919663429260254,0.037563979625701904,-0.15059852600097656,0.023540496826171875,-0.1134294867515564,0.015740036964416504,-0.08779001235961914,0.06396740674972534,-0.10523498058319092,0.05055415630340576,-0.10797250270843506,0.030232250690460205,-0.07967311143875122,0.016672730445861816,-0.05994945764541626
one_finger_circle,0.01836705207824707,0.01973748207092285,-0.01750791072845459,-0.016535520553588867,-0.032028913497924805,-0.07568323612213135,-0.009355306625366211,-0.1187942624092102,0.019530534744262695,-0.13891750574111938,-0.02435964345932007,-0.16422533988952637,-0.02650851011276245,-0.23728996515274048,-0.02646493911743164,-0.28442758321762085,-0.02621668577194214,-0.32419100403785706,0.0066988468170166016,-0.16255837678909302,0.0034720301628112793,-0.2430984377861023,-0.0010250210762023926,-0.29404085874557495,-0.0035799145698547363,-0.3373931348323822,0.03583914041519165,-0.14073222875595093,0.02546560764312744,-0.15275728702545166,0.010196268558502197,-0.11195266246795654,0.0034377574920654297,-0.08376860618591309,0.05718106031417847,-0.10646897554397583,0.04004395008087158,-0.10936003923416138,0.01967465877532959,-0.07916474342346191,0.008333444595336914,-0.05775803327560425
one_finger_circle,0.01242530345916748,0.02104794979095459,-0.023294389247894287,-0.014158427715301514,-0.038359642028808594,-0.07088828086853027,-0.01907747983932495,-0.11136400699615479,0.007477104663848877,-0.13213872909545898,-0.033042192459106445,-0.16150718927383423,-0.03684592247009277,-0.23612964153289795,-0.03862100839614868,-0.283103346824646,-0.039047420024871826,-0.32245945930480957,-0.0014799237251281738,-0.16209250688552856,-0.007167220115661621,-0.2430582344532013,-0.012435674667358398,-0.2938708961009979,-0.014578461647033691,-0.33658772706985474,0.02849733829498291,-0.14157426357269287,0.01454097032546997,-0.1514296531677246,-0.00010728836059570312,-0.1099703311920166,-0.004978179931640625,-0.08179867267608643,0.049473702907562256,-0.10883617401123047,0.02721315622329712,-0.10524475574493408,0.006972193717956543,-0.07486724853515625,-0.002002120018005371,-0.0542985200881958
one_finger_circle,0.011265695095062256,0.021787166595458984,-0.023301899433135986,-0.012558817863464355,-0.03864938020706177,-0.07062840461730957,-0.018340587615966797,-0.11302870512008667,0.010069489479064941,-0.13372093439102173,-0.033159852027893066,-0.15958338975906372,-0.0382235050201416,-0.23532086610794067,-0.04094231128692627,-0.2820090055465698,-0.04202544689178467,-0.32160884141921997,-0.0011020302772521973,-0.1612008810043335,-0.008919596672058105,-0.2414185106754303,-0.014829516410827637,-0.2912384867668152,-0.01749718189239502,-0.33339112997055054,0.028646230697631836,-0.14185428619384766,0.01364821195602417,-0.1510116457939148,-0.00043135881423950195,-0.11171823740005493,-0.0049697160720825195,-0.08586585521697998,0.04821580648422241,-0.11081534624099731,0.024505019187927246,-0.10345602035522461,0.005473017692565918,-0.0740441083908081,-0.00223541259765625,-0.05505102872848511
one_finger_circle,0.011336445808410645,0.020306706428527832,-0.023693203926086426,-0.014943301677703857,-0.03855419158935547,-0.07300615310668945,-0.01584160327911377,-0.11354267597198486,0.013246119022369385,-0.13256412744522095,-0.03131788969039917,-0.16000348329544067,-0.036534130573272705,-0.23362001776695251,-0.0387113094329834,-0.27947109937667847,-0.039773404598236084,-0.318729043006897,3.618001937866211e-05,-0.16172724962234497,-0.007323145866394043,-0.24038520455360413,-0.012352049350738525,-0.2908342182636261,-0.014735758304595947,-0.33259904384613037,0.02881944179534912,-0.14206701517105103,0.01946777105331421,-0.15398049354553223,0.0055588483810424805,-0.11570245027542114,-0.0009527802467346191,-0.08812284469604492,0.04854869842529297,-0.11046576499938965,0.029895305633544922,-0.10461616516113281,0.010033905506134033,-0.0743250846862793,-0.0011133551597595215,-0.052183687686920166
one_finger_circle,0.012735486030578613,0.019554615020751953,-0.022758841514587402,-0.015471220016479492,-0.03769874572753906,-0.0719224214553833,-0.014920473098754883,-0.11344283819198608,0.013722062110900879,-0.13391482830047607,-0.030780792236328125,-0.15967553853988647,-0.03575575351715088,-0.23349368572235107,-0.03760188817977905,-0.27918970584869385,-0.03862273693084717,-0.31837034225463867,0.00016379356384277344,-0.1601998209953308,-0.0062563419342041016,-0.23931404948234558,-0.010785400867462158,-0.28988438844680786,-0.013504564762115479,-0.3316231369972229,0.028980672359466553,-0.14057695865631104,0.021448493003845215,-0.15257257223129272,0.007909834384918213,-0.11417925357818604,0.0003333091735839844,-0.08682990074157715,0.049686968326568604,-0.10894298553466797,0.03653913736343384,-0.1101343035697937,0.016547679901123047,-0.07998418807983398,0.0029526948928833008,-0.05704963207244873
one_finger_circle,0.012811720371246338,0.02120107412338257,-0.02290886640548706,-0.01447296142578125,-0.038317084312438965,-0.07130110263824463,-0.017111599445343018,-0.10962915420532227,0.01220703125,-0.12743377685546875,-0.030950307846069336,-0.15791314840316772,-0.035363733768463135,-0.2311534285545349,-0.037429988384246826,-0.27637141942977905,-0.03884333372116089,-0.31547054648399353,0.0005764961242675781,-0.15886104106903076,-0.006785869598388672,-0.23762351274490356,-0.011835932731628418,-0.2870693504810333,-0.014609992504119873,-0.32866543531417847,0.030012786388397217,-0.1390661597251892,0.02069699764251709,-0.15077590942382812,0.006612062454223633,-0.11265206336975098,-0.0007023811340332031,-0.08503943681716919,0.0506664514541626,-0.10728460550308228,0.03207755088806152,-0.09918290376663208,0.011645019054412842,-0.06885308027267456,-0.0008729696273803711,-0.04697299003601074
one_finger_circle,0.013298749923706055,0.02231466770172119,-0.022318899631500244,-0.012161433696746826,-0.03819680213928223,-0.06914347410202026,-0.016951262950897217,-0.10882431268692017,0.011556863784790039,-0.1278902292251587,-0.02995377779006958,-0.15857034921646118,-0.035183608531951904,-0.23235702514648438,-0.03649270534515381,-0.278666615486145,-0.03671252727508545,-0.3178867697715759,0.001363515853881836,-0.16029131412506104,-0.005812168121337891,-0.23794418573379517,-0.010689020156860352,-0.28774988651275635,-0.01314479112625122,-0.3291814923286438,0.030492782592773438,-0.14162945747375488,0.019532620906829834,-0.15153610706329346,0.005685627460479736,-0.1121484637260437,-0.0007280707359313965,-0.08434128761291504,0.05149930715560913,-0.11087775230407715,0.03221100568771362,-0.10308218002319336,0.011282145977020264,-0.07182025909423828,-0.0012215971946716309,-0.04992854595184326
one_finger_circle,0.0,0.0,-0.03236281871795654,-0.03885370492935181,-0.04167383909225464,-0.09735816717147827,-0.014085769653320312,-0.13567698001861572,0.015938520431518555,-0.15264040231704712,-0.032390713691711426,-0.19052231311798096,-0.029885053634643555,-0.26522430777549744,-0.025520682334899902,-0.3112431764602661,-0.021435558795928955,-0.3502082824707031,-0.0015609264373779297,-0.18520385026931763,-0.0004458427429199219,-0.26464176177978516,0.002109825611114502,-0.31348514556884766,0.005611240863800049,-0.35397738218307495,0.026470422744750977,-0.16127771139144897,0.023809075355529785,-0.1670660376548767,0.007411658763885498,-0.12486982345581055,-0.0034698843955993652,-0.09999412298202515,0.047277212142944336,-0.1266658902168274,0.03802943229675293,-0.12278938293457031,0.0171891450881958,-0.08883059024810791,0.0015742778778076172,-0.0686643123626709
one_finger_circle,0.0003927946090698242,0.0007966756820678711,-0.03362476825714111,-0.03980982303619385,-0.04255473613739014,-0.10068947076797485,-0.01400381326675415,-0.13951075077056885,0.015833377838134766,-0.1549946665763855,-0.031619489192962646,-0.19504177570343018,-0.0287969708442688,-0.2690106928348541,-0.024046778678894043,-0.3158700168132782,-0.019616663455963135,-0.35488998889923096,-0.0006056427955627441,-0.18894290924072266,0.00022143125534057617,-0.2693069875240326,0.0022611618041992188,-0.3190656900405884,0.005141556262969971,-0.35834693908691406,0.02740699052810669,-0.1635236144065857,0.022662639617919922,-0.17318660020828247,0.006222426891326904,-0.1307777762413025,-0.004188239574432373,-0.10506784915924072,0.04759013652801514,-0.12710756063461304,0.03761714696884155,-0.13275283575057983,0.017420172691345215,-0.09867697954177856,0.002686917781829834,-0.07647544145584106
one_finger_circle,-0.0017979145050048828,-0.00866556167602539,-0.03630000352859497,-0.047985613346099854,-0.04771703481674194,-0.1067972183227539,-0.020809471607208252,-0.14636027812957764,0.008990764617919922,-0.1670805811882019,-0.039156556129455566,-0.19999825954437256,-0.035904526710510254,-0.2741091251373291,-0.032064855098724365,-0.321147084236145,-0.028734445571899414,-0.3605809211730957,-0.007057666778564453,-0.19596165418624878,-0.0058882832527160645,-0.2772214114665985,-0.004236698150634766,-0.32716673612594604,-0.0014128684997558594,-0.3695368766784668,0.02256608009338379,-0.17126864194869995,0.015915632247924805,-0.1784866452217102,-0.0005148053169250488,-0.13576358556747437,-0.009488940238952637,-0.110634446144104,0.04371964931488037,-0.13443630933761597,0.0292169451713562,-0.1342598795890808,0.0076860785484313965,-0.10244548320770264,-0.006318569183349609,-0.08396881818771362
one_finger_circle,-0.006869196891784668,-0.007920324802398682,-0.04229539632797241,-0.04820561408996582,-0.054459333419799805,-0.10987156629562378,-0.028562724590301514,-0.15067410469055176,0.0019770264625549316,-0.16904646158218384,-0.044936537742614746,-0.19985711574554443,-0.043717384338378906,-0.27579089999198914,-0.04154467582702637,-0.3237079679965973,-0.0391886830329895,-0.36436372995376587,-0.011695921421051025,-0.19798171520233154,-0.012888789176940918,-0.2782735228538513,-0.014028847217559814,-0.3297973871231079,-0.013106942176818848,-0.37368345260620117,0.018687725067138672,-0.17506897449493408,0.006160616874694824,-0.18166124820709229,-0.009891629219055176,-0.14025652408599854,-0.016544580459594727,-0.11245548725128174,0.039701104164123535,-0.13962382078170776,0.018677949905395508,-0.1342167854309082,-0.0032951831817626953,-0.10403311252593994,-0.014934360980987549,-0.0838119387626648
one_finger_circle,-0.018607378005981445,-0.013757407665252686,-0.055916666984558105,-0.04936981201171875,-0.07132655382156372,-0.10504710674285889,-0.0496441125869751,-0.14336413145065308,-0.023100316524505615,-0.16352707147598267,-0.06331038475036621,-0.1940118670463562,-0.06572824716567993,-0.266897052526474,-0.06652331352233887,-0.3149026334285736,-0.06638902425765991,-0.35585105419158936,-0.03041929006576538,-0.19585508108139038,-0.03713357448577881,-0.27387452125549316,-0.04343932867050171,-0.3247125744819641,-0.04724597930908203,-0.36828863620758057,0.00026404857635498047,-0.17735975980758667,-0.01393061876296997,-0.18233168125152588,-0.028225302696228027,-0.14279592037200928,-0.03473407030105591,-0.11396265029907227,0.022328853607177734,-0.14723598957061768,-0.0008511543273925781,-0.1354207992553711,-0.022531449794769287,-0.10384345054626465,-0.03469139337539673,-0.08113968372344971
one_finger_circle,-0.024778306484222412,-0.013869524002075195,-0.060784757137298584,-0.04540979862213135,-0.08113563060760498,-0.09644758701324463,-0.06407982110977173,-0.13441252708435059,-0.03769993782043457,-0.15381693840026855,-0.07346165180206299,-0.19048839807510376,-0.07849353551864624,-0.2647665739059448,-0.08036834001541138,-0.3121839761734009,-0.07994729280471802,-0.3518885374069214,-0.04047882556915283,-0.192999005317688,-0.050377845764160156,-0.26965704560279846,-0.05872046947479248,-0.31945064663887024,-0.06377625465393066,-0.36069256067276,-0.00903099775314331,-0.17534208297729492,-0.024484217166900635,-0.18019330501556396,-0.03738468885421753,-0.14238131046295166,-0.04261356592178345,-0.11325430870056152,0.013834059238433838,-0.14524239301681519,-0.012338757514953613,-0.12827003002166748,-0.033450961112976074,-0.09730100631713867,-0.0443497896194458,-0.0750240683555603
one_finger_circle,-0.033859848976135254,-0.008452415466308594,-0.07418572902679443,-0.037028372287750244,-0.09819501638412476,-0.08271491527557373,-0.08573120832443237,-0.11405742168426514,-0.062351107597351074,-0.1345331072807312,-0.09148353338241577,-0.1702744960784912,-0.10529226064682007,-0.24127250909805298,-0.11427146196365356,-0.2862448990345001,-0.1191454529762268,-0.3246810734272003,-0.057966411113739014,-0.1792910099029541,-0.0758504867553711,-0.2514056861400604,-0.0912175178527832,-0.2981593608856201,-0.10195910930633545,-0.3369428515434265,-0.02581501007080078,-0.16612035036087036,-0.05226069688796997,-0.15918779373168945,-0.0648735761642456,-0.11987423896789551,-0.06790459156036377,-0.09207284450531006,-0.0036580562591552734,-0.13911300897598267,-0.039492130279541016,-0.10769838094711304,-0.05933564901351929,-0.0762784481048584,-0.06719046831130981,-0.05621612071990967
one_finger_circle,-0.03312230110168457,-0.00019794702529907227,-0.07773208618164062,-0.020621538162231445,-0.11474400758743286,-0.05704963207244873,-0.11362797021865845,-0.08038830757141113,-0.08585399389266968,-0.08852297067642212,-0.1032293438911438,-0.14597070217132568,-0.1240018904209137,-0.20523041486740112,-0.13885891437530518,-0.24306753277778625,-0.1486847996711731,-0.27674001455307007,-0.07105344533920288,-0.159168541431427,-0.09538781642913818,-0.21749457716941833,-0.11755377054214478,-0.2558763921260834,-0.13455849885940552,-0.2938441038131714,-0.040212035179138184,-0.14829939603805542,-0.07360947132110596,-0.12578243017196655,-0.08355247974395752,-0.08937633037567139,-0.08186405897140503,-0.07495677471160889,-0.0214231014251709,-0.11985635757446289,-0.06126672029495239,-0.07151401042938232,-0.07485932111740112,-0.04248911142349243,-0.07471084594726562,-0.03332555294036865
one_finger_circle,-0.028015732765197754,0.0005334615707397461,-0.07543379068374634,-0.017596542835235596,-0.1146165132522583,-0.04761946201324463,-0.11877268552780151,-0.0663345456123352,-0.09365683794021606,-0.06804728507995605,-0.10403561592102051,-0.13202005624771118,-0.12756162881851196,-0.18785488605499268,-0.14480775594711304,-0.22158032655715942,-0.15851852297782898,-0.25083890557289124,-0.0737496018409729,-0.14692944288253784,-0.10117465257644653,-0.20123207569122314,-0.12751054763793945,-0.23407074809074402,-0.15032660961151123,-0.26670706272125244,-0.044101059436798096,-0.13782179355621338,-0.08264923095703125,-0.10712409019470215,-0.0878646969795227,-0.0704120397567749,-0.08291834592819214,-0.059006571769714355,-0.026385962963104248,-0.10939681529998779,-0.06621062755584717,-0.05463510751724243,-0.07513713836669922,-0.028462886810302734,-0.0713125467300415,-0.023652315139770508
one_finger_circle,-0.021234750747680664,0.005021393299102783,-0.07100081443786621,-0.008132100105285645,-0.1110696792602539,-0.02788025140762329,-0.12233072519302368,-0.037758708000183105,-0.09974724054336548,-0.035730957984924316,-0.10412204265594482,-0.11359328031539917,-0.13425996899604797,-0.1595470905303955,-0.15512993931770325,-0.1861780285835266,-0.172230064868927,-0.21068084239959717,-0.0761568546295166,-0.12805241346359253,-0.10896289348602295,-0.1675187349319458,-0.13841071724891663,-0.19086366891860962,-0.16460725665092468,-0.21542605757713318,-0.04737281799316406,-0.11778247356414795,-0.08947694301605225,-0.07215291261672974,-0.08888238668441772,-0.042100369930267334,-0.08019775152206421,-0.04160720109939575,-0.028403103351593018,-0.08616781234741211,-0.06854945421218872,-0.022486090660095215,-0.07029056549072266,-0.003951966762542725,-0.06122100353240967,-0.01033562421798706
one_finger_circle,-0.022630035877227783,0.008125901222229004,-0.0724947452545166,-0.005573868751525879,-0.11155515909194946,-0.02232438325881958,-0.12008917331695557,-0.024975240230560303,-0.097259521484375,-0.023794889450073242,-0.10374981164932251,-0.10830223560333252,-0.13441866636276245,-0.14833420515060425,-0.15600574016571045,-0.17133015394210815,-0.17428666353225708,-0.19333267211914062,-0.07500439882278442,-0.12024015188217163,-0.10767734050750732,-0.15753942728042603,-0.13821035623550415,-0.17764651775360107,-0.16551196575164795,-0.19942575693130493,-0.04620921611785889,-0.10751903057098389,-0.08858191967010498,-0.0578572154045105,-0.0862913727760315,-0.03362053632736206,-0.0767357349395752,-0.0394212007522583,-0.027526676654815674,-0.07371598482131958,-0.06843799352645874,-0.009116291999816895,-0.06899887323379517,0.0031093358993530273,-0.060114920139312744,-0.011262714862823486
one_finger_circle,-0.020382404327392578,0.00886833667755127,-0.0680767297744751,-0.00026851892471313477,-0.10707050561904907,-0.013951718807220459,-0.11686593294143677,-0.01130378246307373,-0.09026086330413818,-0.004153907299041748,-0.09687453508377075,-0.10325783491134644,-0.12872734665870667,-0.13100534677505493,-0.151455819606781,-0.14534437656402588,-0.17319795489311218,-0.15800660848617554,-0.06737124919891357,-0.11113250255584717,-0.10711562633514404,-0.13401734828948975,-0.14002034068107605,-0.14569216966629028,-0.16844642162322998,-0.15817272663116455,-0.03880417346954346,-0.09374743700027466,-0.0831977128982544,-0.033744752407073975,-0.07986444234848022,-0.016757190227508545,-0.07080066204071045,-0.03018850088119507,-0.018919944763183594,-0.05901825428009033,-0.06181889772415161,0.006874561309814453,-0.061386168003082275,0.011030793190002441,-0.053505539894104004,-0.011064112186431885
one_finger_circle,-0.01405024528503418,0.013717174530029297,-0.06116384267807007,0.004603028297424316,-0.09876406192779541,-0.005166053771972656,-0.11106383800506592,0.002578258514404297,-0.08835369348526001,0.009428024291992188,-0.09036731719970703,-0.09950393438339233,-0.12285077571868896,-0.11808466911315918,-0.14701971411705017,-0.12758076190948486,-0.1702052354812622,-0.13696646690368652,-0.06184065341949463,-0.10348212718963623,-0.10306227207183838,-0.12332773208618164,-0.13290280103683472,-0.13101589679718018,-0.16008329391479492,-0.1396794319152832,-0.034069716930389404,-0.08357667922973633,-0.07946902513504028,-0.025670289993286133,-0.07528460025787354,-0.010598540306091309,-0.06633543968200684,-0.02299487590789795,-0.015191435813903809,-0.046186625957489014,-0.05825400352478027,0.013979136943817139,-0.058579444885253906,0.018147826194763184,-0.05186033248901367,-0.0015919804573059082
one_finger_circle,-0.000892341136932373,0.02185732126235962,-0.0485420823097229,0.00632244348526001,-0.08883476257324219,-0.004591107368469238,-0.10232007503509521,0.02081775665283203,-0.08310860395431519,0.044418275356292725,-0.07691562175750732,-0.08378833532333374,-0.1139114499092102,-0.08769243955612183,-0.14030414819717407,-0.08819478750228882,-0.1654338538646698,-0.08758509159088135,-0.049820542335510254,-0.08198750019073486,-0.09193772077560425,-0.08793371915817261,-0.12140047550201416,-0.09235984086990356,-0.1473497748374939,-0.09501504898071289,-0.0234755277633667,-0.059967637062072754,-0.06983453035354614,0.006950676441192627,-0.06370538473129272,0.014672636985778809,-0.054167330265045166,0.00017821788787841797,-0.005033254623413086,-0.024189770221710205,-0.047859787940979004,0.03659540414810181,-0.044226646423339844,0.035178303718566895,-0.034730732440948486,0.013219833374023438
one_finger_circle,0.0025084614753723145,0.030957043170928955,-0.041790783405303955,0.016569077968597412,-0.07771480083465576,0.010667026042938232,-0.08671826124191284,0.04291260242462158,-0.07051271200180054,0.07397788763046265,-0.07091593742370605,-0.06767308712005615,-0.10491025447845459,-0.059453725814819336,-0.13121795654296875,-0.04728531837463379,-0.15472707152366638,-0.033402323722839355,-0.043166399002075195,-0.06820064783096313,-0.08680343627929688,-0.05258822441101074,-0.11810612678527832,-0.04222691059112549,-0.14284145832061768,-0.03234052658081055,-0.01500314474105835,-0.04848402738571167,-0.055244266986846924,0.02744346857070923,-0.05607849359512329,0.04457080364227295,-0.0516626238822937,0.04147076606750488,0.005399525165557861,-0.01590520143508911,-0.032584309577941895,0.04967856407165527,-0.03811013698577881,0.05909323692321777,-0.03650885820388794,0.051437556743621826
one_finger_circle,0.008175909519195557,0.029119789600372314,-0.029890716075897217,0.01123136281967163,-0.06336963176727295,0.008516967296600342,-0.07576131820678711,0.049407124519348145,-0.06729888916015625,0.08620953559875488,-0.06158435344696045,-0.06201857328414917,-0.10157352685928345,-0.04289621114730835,-0.12915754318237305,-0.02781510353088379,-0.15217506885528564,-0.014101147651672363,-0.03430914878845215,-0.054631710052490234,-0.08284097909927368,-0.02791285514831543,-0.1135900616645813,-0.017363011837005615,-0.13700997829437256,-0.010589599609375,-0.006089329719543457,-0.030369102954864502,-0.05087512731552124,0.04096412658691406,-0.048172593116760254,0.05622762441635132,-0.038938283920288086,0.052392780780792236,0.015073895454406738,0.002778768539428711,-0.025340795516967773,0.06256061792373657,-0.02592015266418457,0.06997328996658325,-0.01819908618927002,0.06034541130065918
one_finger_circle,0.021231234073638916,0.05472224950790405,-0.017218470573425293,0.03805875778198242,-0.05059230327606201,0.030230939388275146,-0.06770104169845581,0.055148422718048096,-0.07040423154830933,0.0817490816116333,-0.0498812198638916,-0.04125016927719116,-0.09209412336349487,-0.0008105635643005371,-0.10872578620910645,0.026880979537963867,-0.11451756954193115,0.045281052589416504,-0.020332515239715576,-0.03379809856414795,-0.06821078062057495,0.010697603225708008,-0.09090352058410645,0.036885082721710205,-0.10293996334075928,0.053217172622680664,0.009716928005218506,-0.01184171438217163,-0.033330678939819336,0.06262046098709106,-0.029977381229400635,0.09417366981506348,-0.01801121234893799,0.10394400358200073,0.03499561548233032,0.018307924270629883,-0.005846083164215088,0.07510411739349365,-0.0080488920211792,0.09654390811920166,0.000509798526763916,0.10091698169708252
one_finger_circle,0.024780988693237305,0.051258742809295654,-0.013465821743011475,0.04034048318862915,-0.04692953824996948,0.04521644115447998,-0.06296038627624512,0.07604384422302246,-0.06112426519393921,0.11053568124771118,-0.03091531991958618,-0.026188969612121582,-0.0752187967300415,0.05264103412628174,-0.07855534553527832,0.06594926118850708,-0.0750846266746521,0.05994546413421631,-0.00019276142120361328,-0.01240241527557373,-0.04488319158554077,0.07499748468399048,-0.04603695869445801,0.0731973648071289,-0.0425872802734375,0.061591148376464844,0.02745276689529419,0.015344321727752686,-0.01698964834213257,0.0993494987487793,-0.008436799049377441,0.08704054355621338,0.0035282373428344727,0.0652085542678833,0.04803800582885742,0.049102962017059326,0.010654449462890625,0.11208295822143555,0.01251840591430664,0.10268306732177734,0.02218782901763916,0.0810701847076416
one_finger_circle,0.04024052619934082,0.07185840606689453,0.003644883632659912,0.06722414493560791,-0.026245534420013428,0.06670057773590088,-0.03978610038757324,0.08515477180480957,-0.03483009338378906,0.11086881160736084,-0.017052292823791504,-0.010499238967895508,-0.04324823617935181,0.07885771989822388,-0.033187031745910645,0.099861741065979,-0.020810842514038086,0.08990323543548584,0.015507817268371582,0.0015923380851745605,-0.012059688568115234,0.0932391881942749,-0.0039275288581848145,0.11290806531906128,0.004874110221862793,0.10746324062347412,0.04474818706512451,0.02589362859725952,0.014902055263519287,0.10920220613479614,0.017685770988464355,0.12174463272094727,0.02272135019302368,0.11506974697113037,0.06886714696884155,0.05460089445114136,0.04055047035217285,0.116421639919281,0.0360339879989624,0.1271647810935974,0.03782743215560913,0.12247258424758911
one_finger_circle,0.046474993228912354,0.06333166360855103,0.012479126453399658,0.05432546138763428,-0.014485597610473633,0.05896890163421631,-0.026608407497406006,0.08669072389602661,-0.024486958980560303,0.11859792470932007,-0.0006411075592041016,-0.003270566463470459,-0.01957601308822632,0.08345133066177368,-0.01252216100692749,0.1073034405708313,-0.002089262008666992,0.10921430587768555,0.031472623348236084,0.007402181625366211,0.01418381929397583,0.09147828817367554,0.01445549726486206,0.11801260709762573,0.018557727336883545,0.12776821851730347,0.060174643993377686,0.02913081645965576,0.04148656129837036,0.107821524143219,0.035096049308776855,0.12768220901489258,0.033721923828125,0.1327834129333496,0.08318901062011719,0.05681878328323364,0.06595098972320557,0.11675286293029785,0.05656248331069946,0.1284787654876709,0.05348503589630127,0.12824946641921997
one_finger_circle,0.04833805561065674,0.03016054630279541,0.02460712194442749,0.05440491437911987,0.014219343662261963,0.08700782060623169,0.026728510856628418,0.12467747926712036,0.048925578594207764,0.1505495309829712,0.007552444934844971,0.011017322540283203,0.025971531867980957,0.08463561534881592,0.045220017433166504,0.11889666318893433,0.062314748764038086,0.13753348588943481,0.03895413875579834,0.00027489662170410156,0.052851080894470215,0.06517231464385986,0.06438565254211426,0.09956055879592896,0.07370436191558838,0.12414991855621338,0.06816887855529785,0.0019009113311767578,0.08259767293930054,0.058180391788482666,0.08688819408416748,0.09323596954345703,0.08789819478988647,0.11738622188568115,0.0922321081161499,0.013631105422973633,0.10202783346176147,0.0523800253868103,0.10236942768096924,0.07926863431930542,0.10051220655441284,0.09999418258666992
one_finger_circle,0.05677694082260132,0.05157041549682617,0.03381919860839844,0.07677888870239258,0.02446615695953369,0.09411001205444336,0.05542147159576416,0.10879474878311157,0.0959237813949585,0.11799800395965576,0.018426477909088135,0.02807319164276123,0.041329145431518555,0.09387832880020142,0.06055784225463867,0.12093675136566162,0.07600712776184082,0.12959599494934082,0.04722660779953003,0.016073763370513916,0.07454538345336914,0.08170604705810547,0.08913040161132812,0.10765725374221802,0.09866136312484741,0.11918389797210693,0.07508444786071777,0.014269828796386719,0.10023719072341919,0.07043159008026123,0.10963016748428345,0.08835428953170776,0.11319124698638916,0.09641158580780029,0.10024154186248779,0.020784318447113037,0.11204588413238525,0.05438733100891113,0.11329352855682373,0.07676923274993896,0.11516189575195312,0.09234404563903809
one_finger_circle,0.07787734270095825,0.09650963544845581,0.053301453590393066,0.1070680022239685,0.0402301549911499,0.1078559160232544,0.06442904472351074,0.10866641998291016,0.09870833158493042,0.11009329557418823,0.02824932336807251,0.02040863037109375,0.04348188638687134,0.038195252418518066,0.0689966082572937,0.05558043718338013,0.09344953298568726,0.0669550895690918,0.053492963314056396,0.003377854824066162,0.08587014675140381,0.030655622482299805,0.11126631498336792,0.05025213956832886,0.1317380666732788,0.06674647331237793,0.07797896862030029,0.001376330852508545,0.11326313018798828,0.03737962245941162,0.12461841106414795,0.07460999488830566,0.12909281253814697,0.10503458976745605,0.09891879558563232,0.010447978973388672,0.12497943639755249,0.0341641902923584,0.13341403007507324,0.06449079513549805,0.138627290725708,0.08928269147872925
one_finger_circle,0.08869504928588867,0.07963025569915771,0.06916898488998413,0.10145103931427002,0.05713176727294922,0.10704106092453003,0.08259701728820801,0.10938173532485962,0.11283522844314575,0.10767543315887451,0.042968153953552246,0.03238677978515625,0.062089502811431885,0.011075377464294434,0.09527653455734253,0.01835620403289795,0.12412422895431519,0.03011608123779297,0.06559425592422485,0.010954737663269043,0.09310990571975708,-0.0061495304107666016,0.12784236669540405,0.0096854567527771,0.15315157175064087,0.028515934944152832,0.08629864454269409,0.0019724369049072266,0.11147737503051758,-0.008145451545715332,0.13421887159347534,0.025311768054962158,0.1466631293296814,0.05537229776382446,0.10355013608932495,0.004824936389923096,0.1234845519065857,-0.0031641125679016113,0.1396227478981018,0.021106600761413574,0.14958429336547852,0.04531461000442505
one_finger_circle,0.09100520610809326,0.09952658414840698,0.08320552110671997,0.11282473802566528,0.07803040742874146,0.10922354459762573,0.10241585969924927,0.10375386476516724,0.12871116399765015,0.09919106960296631,0.05745810270309448,0.029086172580718994,0.08159744739532471,-0.0005453824996948242,0.11534136533737183,0.0019757747650146484,0.1446528434753418,0.007254958152770996,0.07340991497039795,0.007380068302154541,0.10320687294006348,-0.01923346519470215,0.1413077712059021,-0.011581659317016602,0.16998690366744995,-0.0013786554336547852,0.0897359848022461,-0.0015680193901062012,0.11659079790115356,-0.027639329433441162,0.14664173126220703,-0.016123294830322266,0.1676342487335205,-0.001397848129272461,0.10513180494308472,0.00206601619720459,0.1282789707183838,-0.019105732440948486,0.1481592059135437,-0.010927140712738037,0.16275691986083984,0.002074301242828369
one_finger_circle,0.07246363162994385,0.05705493688583374,0.05193459987640381,0.06038033962249756,0.06308376789093018,0.055480122566223145,0.10888910293579102,0.06931155920028687,0.14344555139541626,0.07122409343719482,0.08145898580551147,-0.017044544219970703,0.12244296073913574,-0.03625762462615967,0.15757125616073608,-0.05349087715148926,0.18949198722839355,-0.06454682350158691,0.11518102884292603,-0.017565667629241943,0.14775192737579346,-0.012811541557312012,0.17203259468078613,-0.023368775844573975,0.19215822219848633,-0.038762688636779785,0.1353987455368042,-0.0062139034271240234,0.15401262044906616,0.032820940017700195,0.13578897714614868,0.054346680641174316,0.11762136220932007,0.055461227893829346,0.14753615856170654,0.010351240634918213,0.15486735105514526,0.05292010307312012,0.13714098930358887,0.06556516885757446,0.12021851539611816,0.060660600662231445
one_finger_circle,0.07405120134353638,0.05877721309661865,0.05863034725189209,0.04952651262283325,0.07242810726165771,0.034085094928741455,0.10934847593307495,0.04358559846878052,0.1426824927330017,0.045974552631378174,0.09632396697998047,-0.03868025541305542,0.1339331865310669,-0.05831313133239746,0.1652124524116516,-0.07169342041015625,0.19236421585083008,-0.08541083335876465,0.12552833557128906,-0.026631474494934082,0.14272111654281616,0.015967845916748047,0.12115287780761719,0.04930335283279419,0.10589766502380371,0.05436199903488159,0.14381861686706543,-0.005946993827819824,0.15405011177062988,0.03946793079376221,0.1279069185256958,0.05967748165130615,0.11189067363739014,0.0505252480506897,0.15335071086883545,0.01653456687927246,0.15453505516052246,0.05696463584899902,0.13540512323379517,0.07021266222000122,0.12385261058807373,0.061353981494903564
one_finger_circle,0.07399654388427734,0.04250288009643555,0.06928896903991699,0.04149019718170166,0.09149682521820068,0.028474807739257812,0.1286291480064392,0.023733556270599365,0.15829694271087646,0.01201331615447998,0.09893250465393066,-0.06821298599243164,0.13888323307037354,-0.09940195083618164,0.1702045202255249,-0.12173235416412354,0.19648152589797974,-0.14561939239501953,0.12365639209747314,-0.06332838535308838,0.15559428930282593,-0.03740096092224121,0.14904260635375977,-0.010844945907592773,0.14324647188186646,-0.011128544807434082,0.14175432920455933,-0.04510211944580078,0.1607869267463684,0.002534925937652588,0.13805216550827026,0.029424726963043213,0.12152016162872314,0.023125827312469482,0.15066742897033691,-0.023683249950408936,0.15918749570846558,0.018736422061920166,0.14078092575073242,0.03602588176727295,0.12628042697906494,0.02949768304824829
one_finger_circle,0.08011895418167114,0.038188934326171875,0.06864166259765625,0.024863719940185547,0.08197462558746338,0.00046181678771972656,0.12166917324066162,-0.0062296390533447266,0.15145671367645264,-0.020856499671936035,0.09252512454986572,-0.09151369333267212,0.12769979238510132,-0.13964557647705078,0.15814977884292603,-0.1722542643547058,0.18359375,-0.2016291618347168,0.1183815598487854,-0.0862855315208435,0.14659994840621948,-0.1377294659614563,0.17058366537094116,-0.17170780897140503,0.19258064031600952,-0.20672976970672607,0.1369805932044983,-0.06689578294754028,0.15721315145492554,-0.04200977087020874,0.13948822021484375,-0.00668710470199585,0.1235005259513855,0.003858506679534912,0.14684593677520752,-0.040182650089263916,0.15828967094421387,-0.015797317028045654,0.14326387643814087,0.005782961845397949,0.12738627195358276,0.006858170032501221
one_finger_circle,0.07963550090789795,0.03701549768447876,0.06501424312591553,0.020037591457366943,0.07628887891769409,-0.011094510555267334,0.11716264486312866,-0.025697946548461914,0.1468195915222168,-0.04656088352203369,0.08503967523574829,-0.10389536619186401,0.11760663986206055,-0.15973472595214844,0.14754974842071533,-0.1973038911819458,0.17276418209075928,-0.22996431589126587,0.11133944988250732,-0.0988619327545166,0.13684463500976562,-0.15972423553466797,0.16133224964141846,-0.19647377729415894,0.18383073806762695,-0.2340136468410492,0.1308339238166809,-0.07979774475097656,0.15050804615020752,-0.06254732608795166,0.13333433866500854,-0.02451467514038086,0.11725455522537231,-0.010793328285217285,0.1421080231666565,-0.053257107734680176,0.15420007705688477,-0.03863930702209473,0.13891011476516724,-0.013871073722839355,0.12239354848861694,-0.008960366249084473
one_finger_circle,0.07558804750442505,0.03613537549972534,0.05387848615646362,0.008266091346740723,0.05877941846847534,-0.034974634647369385,0.09846103191375732,-0.06212270259857178,0.12737154960632324,-0.08460688591003418,0.07116192579269409,-0.13198500871658325,0.09193980693817139,-0.1980290412902832,0.11290150880813599,-0.24187761545181274,0.13098227977752686,-0.2767443060874939,0.09710496664047241,-0.12511253356933594,0.1112164855003357,-0.1960200071334839,0.13011717796325684,-0.2392699122428894,0.1485908031463623,-0.2758083939552307,0.11718183755874634,-0.10055232048034668,0.12986844778060913,-0.09642243385314941,0.11523681879043579,-0.05617886781692505,0.10266923904418945,-0.03313040733337402,0.1304883360862732,-0.06621146202087402,0.13616430759429932,-0.06569206714630127,0.12109488248825073,-0.03638511896133423,0.10648107528686523,-0.01925128698348999
one_finger_circle,0.06500488519668579,0.02680385112762451,0.04721170663833618,-0.007361650466918945,0.055012404918670654,-0.053514719009399414,0.0912427306175232,-0.0801006555557251,0.11731064319610596,-0.09935885667800903,0.06076771020889282,-0.14582324028015137,0.0783684253692627,-0.2146470546722412,0.0968884825706482,-0.25972408056259155,0.11208570003509521,-0.2944997549057007,0.08514022827148438,-0.1345621943473816,0.09905534982681274,-0.20966094732284546,0.1160382628440857,-0.255029559135437,0.1316583752632141,-0.2909282445907593,0.10395854711532593,-0.10655808448791504,0.11588585376739502,-0.10622143745422363,0.10131031274795532,-0.06872189044952393,0.08900582790374756,-0.04804635047912598,0.11567211151123047,-0.07047992944717407,0.12090665102005005,-0.07319426536560059,0.10566127300262451,-0.045531392097473145,0.0906258225440979,-0.02898705005645752
one_finger_circle,0.051557958126068115,0.0182378888130188,0.029480457305908203,-0.021373450756072998,0.03169149160385132,-0.07005399465560913,0.06515085697174072,-0.10077154636383057,0.09280222654342651,-0.11919558048248291,0.03834688663482666,-0.16547948122024536,0.05026215314865112,-0.23590493202209473,0.06385451555252075,-0.2816888988018036,0.07350629568099976,-0.3190750479698181,0.06303930282592773,-0.1530674695968628,0.07216805219650269,-0.23094433546066284,0.08296120166778564,-0.27886417508125305,0.09206384420394897,-0.3180326223373413,0.083346426486969,-0.12293392419815063,0.0905340313911438,-0.12634801864624023,0.07788503170013428,-0.08907109498977661,0.06726986169815063,-0.06725203990936279,0.09668517112731934,-0.08404982089996338,0.1002579927444458,-0.09132331609725952,0.0850290060043335,-0.06322681903839111,0.07091134786605835,-0.04460620880126953
one_finger_circle,0.04233133792877197,0.020288944244384766,0.014445722103118896,-0.020504534244537354,0.01445770263671875,-0.07184362411499023,0.04838281869888306,-0.1036192774772644,0.07748544216156006,-0.12172579765319824,0.026546716690063477,-0.16638630628585815,0.03595280647277832,-0.23630696535110474,0.04775768518447876,-0.2833530902862549,0.05670386552810669,-0.32186996936798096,0.054343998432159424,-0.15355485677719116,0.05985766649246216,-0.23282793164253235,0.06877738237380981,-0.28044581413269043,0.07718408107757568,-0.3208191394805908,0.07726168632507324,-0.12086892127990723,0.08217215538024902,-0.11652910709381104,0.06349062919616699,-0.07768523693084717,0.04871165752410889,-0.05617588758468628,0.09169483184814453,-0.07712423801422119,0.09026205539703369,-0.07112646102905273,0.06976485252380371,-0.0408405065536499,0.05194729566574097,-0.022909045219421387
one_finger_circle,0.03393840789794922,0.01610743999481201,0.0009143352508544922,-0.02090895175933838,-0.0061220526695251465,-0.07218444347381592,0.023827850818634033,-0.1094622015953064,0.05456089973449707,-0.12748003005981445,0.0030210018157958984,-0.1644963026046753,0.006894588470458984,-0.23861509561538696,0.014259815216064453,-0.28626662492752075,0.019872069358825684,-0.3257303237915039,0.03307187557220459,-0.1579330563545227,0.033792972564697266,-0.23896926641464233,0.038104891777038574,-0.28854936361312866,0.04229253530502319,-0.3301141858100891,0.06024670600891113,-0.13270002603530884,0.06085681915283203,-0.13292348384857178,0.04580289125442505,-0.09154391288757324,0.034285128116607666,-0.0673108696937561,0.08030545711517334,-0.09655231237411499,0.07617640495300293,-0.09875893592834473,0.058239877223968506,-0.06749230623245239,0.04351520538330078,-0.04828643798828125
one_finger_circle,0.017741382122039795,0.01749396324157715,-0.016900360584259033,-0.02111673355102539,-0.028461933135986328,-0.07598799467086792,-0.0029959678649902344,-0.11100268363952637,0.02789860963821411,-0.12377119064331055,-0.017438948154449463,-0.16491377353668213,-0.0181158185005188,-0.23750337958335876,-0.015799880027770996,-0.28433576226234436,-0.01391291618347168,-0.32428890466690063,0.014135956764221191,-0.16363370418548584,0.012560606002807617,-0.23946446180343628,0.011510848999023438,-0.290091872215271,0.011624515056610107,-0.3332320749759674,0.042748868465423584,-0.14244258403778076,0.0384097695350647,-0.14445745944976807,0.02365851402282715,-0.10386306047439575,0.014220774173736572,-0.07508522272109985,0.0639110803604126,-0.109031081199646,0.051890790462493896,-0.10018998384475708,0.030585050582885742,-0.06927639245986938,0.015094280242919922,-0.047675490379333496
one_finger_circle,0.012738823890686035,0.018756628036499023,-0.020936310291290283,-0.01644653081893921,-0.033345162868499756,-0.07220476865768433,-0.007990241050720215,-0.11025923490524292,0.021850228309631348,-0.12847238779067993,-0.02555263042449951,-0.16423672437667847,-0.026373326778411865,-0.2375432848930359,-0.024594902992248535,-0.28433385491371155,-0.022998273372650146,-0.32388854026794434,0.006056010723114014,-0.16235250234603882,0.003894209861755371,-0.24021217226982117,0.0020140409469604492,-0.290910005569458,0.0014469623565673828,-0.33381927013397217,0.03473156690597534,-0.14084148406982422,0.02964729070663452,-0.1484593152999878,0.015703201293945312,-0.10757303237915039,0.007581830024719238,-0.07892990112304688,0.0558357834815979,-0.1073763370513916,0.04335379600524902,-0.10415846109390259,0.022896885871887207,-0.07282251119613647,0.008716166019439697,-0.050814151763916016
one_finger_circle,0.006917834281921387,0.019462227821350098,-0.027589917182922363,-0.014603972434997559,-0.0428503155708313,-0.06889861822128296,-0.018873929977416992,-0.1056060791015625,0.0115278959274292,-0.12206405401229858,-0.03360414505004883,-0.15774226188659668,-0.036327362060546875,-0.23325586318969727,-0.035954058170318604,-0.28080910444259644,-0.03527021408081055,-0.32079648971557617,-0.002083897590637207,-0.15901529788970947,-0.00604403018951416,-0.23955956101417542,-0.008933722972869873,-0.29124027490615845,-0.010238945484161377,-0.33391308784484863,0.027356863021850586,-0.14026200771331787,0.018403291702270508,-0.15049606561660767,0.004491567611694336,-0.10927903652191162,-0.0025894641876220703,-0.08012783527374268,0.049571692943573,-0.10939580202102661,0.03329300880432129,-0.10447835922241211,0.012599170207977295,-0.07185554504394531,-0.00036782026290893555,-0.0487518310546875
one_finger_circle,0.004602491855621338,0.01672440767288208,-0.02863025665283203,-0.01834583282470703,-0.04394876956939697,-0.07289987802505493,-0.02049165964126587,-0.10905051231384277,0.010666906833648682,-0.12417882680892944,-0.034467339515686035,-0.1651051640510559,-0.03656500577926636,-0.2375144064426422,-0.036465466022491455,-0.2834145426750183,-0.03591275215148926,-0.32227981090545654,-0.0026761293411254883,-0.16617542505264282,-0.00709378719329834,-0.2416156530380249,-0.010093629360198975,-0.2914307713508606,-0.01153862476348877,-0.33265629410743713,0.026755213737487793,-0.14610159397125244,0.020120441913604736,-0.15085464715957642,0.0053119659423828125,-0.11067062616348267,-0.0033344626426696777,-0.08277875185012817,0.04836070537567139,-0.1133224368095398,0.03207981586456299,-0.09889101982116699,0.0099639892578125,-0.06837111711502075,-0.005172908306121826,-0.04815155267715454
one_finger_circle,0.0067635178565979,0.017718017101287842,-0.026735782623291016,-0.01504504680633545,-0.042860567569732666,-0.06601428985595703,-0.019470632076263428,-0.10193109512329102,0.010363936424255371,-0.11968588829040527,-0.032415688037872314,-0.16251903772354126,-0.03535681962966919,-0.23573336005210876,-0.03537559509277344,-0.2818351984024048,-0.03485137224197388,-0.3212827444076538,-0.0007904767990112305,-0.16347187757492065,-0.005453824996948242,-0.23929694294929504,-0.00809568166732788,-0.2884926199913025,-0.009303927421569824,-0.32938921451568604,0.02823507785797119,-0.1437026858329773,0.022350311279296875,-0.14796316623687744,0.006990551948547363,-0.10878992080688477,-0.0025661587715148926,-0.08116590976715088,0.04999786615371704,-0.11134880781173706,0.03692084550857544,-0.09812605381011963,0.015472412109375,-0.0653027892112732,0.00024443864822387695,-0.04271125793457031
one_finger_circle,0.0,0.0,-0.03299760818481445,-0.03882157802581787,-0.0398903489112854,-0.09498327970504761,-0.011172592639923096,-0.13127589225769043,0.0165557861328125,-0.15182191133499146,-0.03124171495437622,-0.1864769458770752,-0.026333987712860107,-0.25970637798309326,-0.020009934902191162,-0.30544930696487427,-0.014436006546020508,-0.34377872943878174,-0.0008460879325866699,-0.1783689260482788,0.002462148666381836,-0.2595571279525757,0.005672752857208252,-0.3081301152706146,0.009903967380523682,-0.3483414649963379,0.026808202266693115,-0.15190672874450684,0.02702045440673828,-0.15749859809875488,0.008778691291809082,-0.11381322145462036,-0.0030277371406555176,-0.09034848213195801,0.04704004526138306,-0.11607205867767334,0.04050850868225098,-0.11769628524780273,0.020747005939483643,-0.08295184373855591,0.0062827467918396,-0.06372731924057007
one_finger_circle,-0.0024524331092834473,-0.0029518604278564453,-0.03334653377532959,-0.04228317737579346,-0.03973829746246338,-0.09927606582641602,-0.010537326335906982,-0.1375359296798706,0.017812252044677734,-0.15889370441436768,-0.032679080963134766,-0.19112443923950195,-0.027334153652191162,-0.26466551423072815,-0.02075052261352539,-0.3105278015136719,-0.01530224084854126,-0.3483469784259796,-0.002427339553833008,-0.1835913062095642,0.0017349720001220703,-0.26397469639778137,0.0057468414306640625,-0.31260108947753906,0.010071754455566406,-0.3522844910621643,0.024956822395324707,-0.15771979093551636,0.02474391460418701,-0.16406643390655518,0.007773876190185547,-0.1209058165550232,-0.003527522087097168,-0.09806954860687256,0.04505878686904907,-0.12185245752334595,0.03895825147628784,-0.12457257509231567,0.01901191473007202,-0.09004372358322144,0.0038938522338867188,-0.07159847021102905
one_finger_circle,-0.004517734050750732,-0.011105954647064209,-0.036572933197021484,-0.04993939399719238,-0.046187758445739746,-0.10682833194732666,-0.018584787845611572,-0.14588212966918945,0.011453688144683838,-0.16628658771514893,-0.03778201341629028,-0.19828927516937256,-0.034380316734313965,-0.2722560167312622,-0.029375851154327393,-0.31804534792900085,-0.02503758668899536,-0.3571491241455078,-0.007685065269470215,-0.1916118860244751,-0.006416916847229004,-0.27280139923095703,-0.0026882290840148926,-0.32054996490478516,0.0018117427825927734,-0.36222216486930847,0.019538402557373047,-0.16666710376739502,0.019846677780151367,-0.17399001121520996,0.004114747047424316,-0.1307539939880371,-0.0067726969718933105,-0.10712498426437378,0.03980046510696411,-0.1319912075996399,0.03366929292678833,-0.1350255012512207,0.014270186424255371,-0.09988784790039062,-0.0010317564010620117,-0.07973462343215942
one_finger_circle,-0.010464251041412354,-0.012972712516784668,-0.043744027614593506,-0.05384618043899536,-0.05313229560852051,-0.1120980978012085,-0.025851666927337646,-0.15293896198272705,0.004944503307342529,-0.17201286554336548,-0.044881582260131836,-0.2001127004623413,-0.0421411395072937,-0.27374404668807983,-0.03852224349975586,-0.32031571865081787,-0.03555208444595337,-0.36047011613845825,-0.014591455459594727,-0.1948850154876709,-0.013763606548309326,-0.2749289274215698,-0.012205183506011963,-0.3244835138320923,-0.009300529956817627,-0.36800843477249146,0.013722658157348633,-0.1710032820701599,0.008550107479095459,-0.1801447868347168,-0.007221102714538574,-0.1383143663406372,-0.015899717807769775,-0.11276483535766602,0.03474283218383789,-0.13633978366851807,0.02270030975341797,-0.14323633909225464,0.0030733346939086914,-0.11225181818008423,-0.009362757205963135,-0.09206956624984741
one_finger_circle,-0.02372109889984131,-0.024188518524169922,-0.058680713176727295,-0.06400555372238159,-0.0704571008682251,-0.12556594610214233,-0.045055508613586426,-0.16631507873535156,-0.014837205410003662,-0.1832374930381775,-0.06266826391220093,-0.207752525806427,-0.06450384855270386,-0.28124159574508667,-0.0637255311012268,-0.32798659801483154,-0.06334203481674194,-0.3670330047607422,-0.03181034326553345,-0.2042444944381714,-0.03503751754760742,-0.2841569185256958,-0.039477527141571045,-0.33359938859939575,-0.04242372512817383,-0.37481236457824707,-0.0027822256088256836,-0.18177151679992676,-0.011904299259185791,-0.19616466760635376,-0.02614372968673706,-0.15961772203445435,-0.032965779304504395,-0.13271331787109375,0.0189894437789917,-0.14862972497940063,0.0020658373832702637,-0.15521103143692017,-0.01740443706512451,-0.12671101093292236,-0.028107166290283203,-0.10464036464691162
one_finger_circle,-0.0323868989944458,-0.029977083206176758,-0.06818127632141113,-0.06663364171981812,-0.08323615789413452,-0.12456107139587402,-0.0598905086517334,-0.1648770570755005,-0.0311734676361084,-0.182409405708313,-0.07250064611434937,-0.20915549993515015,-0.07610201835632324,-0.2826147973537445,-0.07735186815261841,-0.33017778396606445,-0.07826602458953857,-0.3704594671726227,-0.04164481163024902,-0.2064204216003418,-0.046796202659606934,-0.28714045882225037,-0.053692638874053955,-0.33758842945098877,-0.05880051851272583,-0.38008853793144226,-0.012087821960449219,-0.18430984020233154,-0.022922754287719727,-0.19904404878616333,-0.038307905197143555,-0.15969765186309814,-0.04556494951248169,-0.13062864542007446,0.009386837482452393,-0.15029793977737427,-0.009587466716766357,-0.15545731782913208,-0.030278682708740234,-0.12519484758377075,-0.04099303483963013,-0.1017293930053711
one_finger_circle,-0.046898603439331055,-0.033527493476867676,-0.08375918865203857,-0.06686538457870483,-0.10417276620864868,-0.11824947595596313,-0.08793967962265015,-0.1539980173110962,-0.0643567442893982,-0.1731976866722107,-0.09278029203414917,-0.20445764064788818,-0.10141646862030029,-0.27387845516204834,-0.10649573802947998,-0.31960541009902954,-0.10840624570846558,-0.35801270604133606,-0.059521257877349854,-0.20771586894989014,-0.0712425708770752,-0.28104114532470703,-0.08283203840255737,-0.3284660577774048,-0.09076422452926636,-0.3686140477657318,-0.02890026569366455,-0.19014108180999756,-0.05329185724258423,-0.1926809549331665,-0.06720966100692749,-0.15509861707687378,-0.07085168361663818,-0.12794578075408936,-0.008672058582305908,-0.16008728742599487,-0.04300248622894287,-0.14179348945617676,-0.062253594398498535,-0.11186158657073975,-0.06846290826797485,-0.09152364730834961
one_finger_circle,-0.05051034688949585,-0.028944671154022217,-0.08869075775146484,-0.06199789047241211,-0.11247831583023071,-0.10888749361038208,-0.10396319627761841,-0.1415097713470459,-0.0801844596862793,-0.1543360948562622,-0.10045236349105835,-0.19592410326004028,-0.11112290620803833,-0.2630382776260376,-0.11920571327209473,-0.3064337372779846,-0.12399345636367798,-0.34318941831588745,-0.06730055809020996,-0.20238471031188965,-0.08262020349502563,-0.27398717403411865,-0.09736770391464233,-0.3192863464355469,-0.10854929685592651,-0.357463538646698,-0.03596287965774536,-0.1866542100906372,-0.06663328409194946,-0.1832963228225708,-0.08015197515487671,-0.14854556322097778,-0.08285355567932129,-0.124336838722229,-0.015763700008392334,-0.15671318769454956,-0.05518364906311035,-0.13148248195648193,-0.07366275787353516,-0.10501617193222046,-0.07893627882003784,-0.08769822120666504
one_finger_circle,-0.05137300491333008,-0.021788954734802246,-0.09481632709503174,-0.04895007610321045,-0.12394139170646667,-0.08925032615661621,-0.12262833118438721,-0.11915934085845947,-0.10014373064041138,-0.12912726402282715,-0.10945302248001099,-0.17786788940429688,-0.1278877854347229,-0.23929303884506226,-0.1413540244102478,-0.27841001749038696,-0.15031728148460388,-0.3121239244937897,-0.07718151807785034,-0.18760085105895996,-0.09900557994842529,-0.24974575638771057,-0.11956143379211426,-0.2900274991989136,-0.13564476370811462,-0.32630211114883423,-0.047537803649902344,-0.17367178201675415,-0.08513468503952026,-0.1574992537498474,-0.09565514326095581,-0.12367004156112671,-0.09437346458435059,-0.10687750577926636,-0.030049502849578857,-0.14362192153930664,-0.07490271329879761,-0.10410052537918091,-0.09184938669204712,-0.07600349187850952,-0.09461814165115356,-0.06249111890792847
one_finger_circle,-0.051075637340545654,-0.01638263463973999,-0.09458589553833008,-0.04182100296020508,-0.12881550192832947,-0.07951760292053223,-0.1335095763206482,-0.10812592506408691,-0.10923111438751221,-0.11118316650390625,-0.11162823438644409,-0.1722564697265625,-0.1343691647052765,-0.226380854845047,-0.15093278884887695,-0.26133275032043457,-0.162563294172287,-0.29173433780670166,-0.0804714560508728,-0.180874764919281,-0.1087493896484375,-0.23724424839019775,-0.13303318619728088,-0.27209168672561646,-0.1523144543170929,-0.30582964420318604,-0.05156564712524414,-0.16528016328811646,-0.09456408023834229,-0.1445831060409546,-0.10256153345108032,-0.11002349853515625,-0.09750586748123169,-0.09830445051193237,-0.035818636417388916,-0.13185739517211914,-0.08500772714614868,-0.08850401639938354,-0.09651577472686768,-0.062036991119384766,-0.09254592657089233,-0.0545424222946167
one_finger_circle,-0.04687345027923584,-0.007976353168487549,-0.09488034248352051,-0.02987593412399292,-0.1335991621017456,-0.057545363903045654,-0.14160782098770142,-0.07716858386993408,-0.11733055114746094,-0.07593870162963867,-0.12067842483520508,-0.1505168080329895,-0.1475854516029358,-0.19101405143737793,-0.16886568069458008,-0.21570226550102234,-0.18675225973129272,-0.23750412464141846,-0.0918428897857666,-0.15986722707748413,-0.1242641806602478,-0.20294225215911865,-0.15329289436340332,-0.22545695304870605,-0.17828547954559326,-0.24670904874801636,-0.06333613395690918,-0.14441442489624023,-0.10782867670059204,-0.1150408387184143,-0.11375278234481812,-0.08265042304992676,-0.10836344957351685,-0.07393330335617065,-0.04514592885971069,-0.10774600505828857,-0.09016543626785278,-0.05814516544342041,-0.0970841646194458,-0.03782540559768677,-0.0904463529586792,-0.036709368228912354
one_finger_circle,-0.034568607807159424,-0.0007103681564331055,-0.08354675769805908,-0.018189430236816406,-0.12332117557525635,-0.03733170032501221,-0.1453332006931305,-0.043106019496917725,-0.13207310438156128,-0.03788435459136963,-0.11796396970748901,-0.13625210523605347,-0.15303963422775269,-0.15989774465560913,-0.18033543229103088,-0.1733015775680542,-0.20310181379318237,-0.18457770347595215,-0.09287786483764648,-0.14133882522583008,-0.1362621784210205,-0.16595667600631714,-0.16832002997398376,-0.17672663927078247,-0.19452416896820068,-0.19038653373718262,-0.06822037696838379,-0.12271302938461304,-0.12303346395492554,-0.07156270742416382,-0.11813032627105713,-0.044796884059906006,-0.1044507622718811,-0.04889547824859619,-0.05167257785797119,-0.08464401960372925,-0.10014998912811279,-0.024083256721496582,-0.09604376554489136,-0.007349193096160889,-0.08199918270111084,-0.016914188861846924
one_finger_circle,-0.028362393379211426,0.006271481513977051,-0.07900869846343994,-0.010228633880615234,-0.12197977304458618,-0.027371764183044434,-0.1491948962211609,-0.027015388011932373,-0.13198506832122803,-0.020162522792816162,-0.1158786416053772,-0.11636191606521606,-0.15692827105522156,-0.1397106647491455,-0.18647423386573792,-0.15191161632537842,-0.2118033766746521,-0.16050094366073608,-0.08858376741409302,-0.12056666612625122,-0.13503435254096985,-0.1464231014251709,-0.17432186007499695,-0.15627068281173706,-0.2059667408466339,-0.16573214530944824,-0.0641375184059143,-0.10009777545928955,-0.1201598048210144,-0.04821658134460449,-0.11392462253570557,-0.026854634284973145,-0.09991639852523804,-0.03763538599014282,-0.04851353168487549,-0.06413161754608154,-0.1003037691116333,-0.004925429821014404,-0.09600251913070679,0.005634784698486328,-0.08353370428085327,-0.008843839168548584
one_finger_circle,-0.018435537815093994,0.017025768756866455,-0.06953805685043335,0.0003148317337036133,-0.11499500274658203,-0.01016080379486084,-0.1424054503440857,0.006837010383605957,-0.1276526153087616,0.018322348594665527,-0.11004704236984253,-0.0973922610282898,-0.15573552250862122,-0.10278850793838501,-0.18844029307365417,-0.10181587934494019,-0.21758708357810974,-0.09951949119567871,-0.08413732051849365,-0.09582215547561646,-0.13968056440353394,-0.09983932971954346,-0.1796921193599701,-0.10233235359191895,-0.21184292435646057,-0.10440528392791748,-0.06023716926574707,-0.07106512784957886,-0.11589670181274414,-0.003857910633087158,-0.10680276155471802,0.009136021137237549,-0.09224236011505127,-0.0065367817878723145,-0.04434394836425781,-0.03263801336288452,-0.09258431196212769,0.029292941093444824,-0.08624923229217529,0.034118056297302246,-0.07398146390914917,0.014973223209381104
one_finger_circle,-0.011724412441253662,0.025316596031188965,-0.06186842918395996,0.0017261505126953125,-0.11010795831680298,-0.010525107383728027,-0.13751667737960815,0.018873929977416992,-0.12479764223098755,0.04234534502029419,-0.10459959506988525,-0.081301748752594,-0.1492612063884735,-0.08370870351791382,-0.1825031042098999,-0.07765001058578491,-0.21118801832199097,-0.069938063621521,-0.07773834466934204,-0.07654982805252075,-0.1325281858444214,-0.07965147495269775,-0.1734335720539093,-0.0805436372756958,-0.20479482412338257,-0.07825630903244019,-0.05374783277511597,-0.049990177154541016,-0.11177951097488403,0.015571415424346924,-0.10174053907394409,0.025695204734802246,-0.08649677038192749,0.009679615497589111,-0.037410855293273926,-0.012548208236694336,-0.08940905332565308,0.046124041080474854,-0.08292573690414429,0.04790300130844116,-0.06897664070129395,0.02854752540588379
one_finger_circle,-0.002996206283569336,0.03242313861846924,-0.050675153732299805,0.008176267147064209,-0.09783130884170532,0.002913177013397217,-0.11946368217468262,0.048442840576171875,-0.11349606513977051,0.08669376373291016,-0.09396582841873169,-0.06026935577392578,-0.13836988806724548,-0.04840964078903198,-0.17003652453422546,-0.03217172622680664,-0.19561085104942322,-0.014697790145874023,-0.06264448165893555,-0.050092101097106934,-0.11511480808258057,-0.04285931587219238,-0.15540850162506104,-0.03624039888381958,-0.18429061770439148,-0.02563697099685669,-0.03706800937652588,-0.020563125610351562,-0.09453940391540527,0.0458560585975647,-0.08510011434555054,0.05141758918762207,-0.0712694525718689,0.033368468284606934,-0.019004523754119873,0.01575005054473877,-0.0732734203338623,0.07409662008285522,-0.06720805168151855,0.07310837507247925,-0.05346858501434326,0.052433013916015625
one_finger_circle,-0.0028591156005859375,0.04194515943527222,-0.05040782690048218,0.018255114555358887,-0.0957825779914856,0.01417386531829834,-0.11170321702957153,0.061994969844818115,-0.10085177421569824,0.10189640522003174,-0.08846700191497803,-0.05134063959121704,-0.13044866919517517,-0.030698418617248535,-0.16096794605255127,-0.011902093887329102,-0.18576127290725708,0.005951285362243652,-0.05755740404129028,-0.04017454385757446,-0.10856068134307861,-0.017734229564666748,-0.14809337258338928,-0.007805168628692627,-0.1762353479862213,0.003427565097808838,-0.030772864818572998,-0.01069408655166626,-0.08321082592010498,0.06331855058670044,-0.07826370000839233,0.06669402122497559,-0.06691265106201172,0.04905825853347778,-0.012110769748687744,0.025732219219207764,-0.06159597635269165,0.08722460269927979,-0.058570921421051025,0.08535635471343994,-0.046178579330444336,0.06449860334396362
one_finger_circle,0.005137979984283447,0.06753939390182495,-0.044423580169677734,0.05113857984542847,-0.08912158012390137,0.04456198215484619,-0.1207168698310852,0.05923056602478027,-0.13914233446121216,0.075411856174469,-0.08785969018936157,-0.032842814922332764,-0.1341705024242401,0.026321589946746826,-0.13306066393852234,0.05688178539276123,-0.12249201536178589,0.06314611434936523,-0.05076730251312256,-0.02333235740661621,-0.09964799880981445,0.05156606435775757,-0.09398764371871948,0.07952529191970825,-0.08356785774230957,0.08355247974395752,-0.015022456645965576,0.002231001853942871,-0.06010347604751587,0.09193634986877441,-0.04883885383605957,0.10306143760681152,-0.03319817781448364,0.08956873416900635,0.014802038669586182,0.03477609157562256,-0.027689039707183838,0.10737979412078857,-0.02111494541168213,0.1111707091331482,-0.007674455642700195,0.09168624877929688
one_finger_circle,0.0030271410942077637,0.09953886270523071,-0.03644973039627075,0.09018552303314209,-0.07395064830780029,0.07840186357498169,-0.10427671670913696,0.08158409595489502,-0.13359099626541138,0.08451253175735474,-0.07259947061538696,-0.018476009368896484,-0.11822086572647095,0.04033929109573364,-0.11374622583389282,0.07467395067214966,-0.10045307874679565,0.08189254999160767,-0.03826344013214111,-0.014773786067962646,-0.08755284547805786,0.06443190574645996,-0.08308905363082886,0.09641492366790771,-0.07471388578414917,0.10237675905227661,-0.004847228527069092,0.00734025239944458,-0.048141300678253174,0.09660154581069946,-0.040843188762664795,0.11569982767105103,-0.03039991855621338,0.11129766702651978,0.023763954639434814,0.038246870040893555,-0.01425778865814209,0.10822045803070068,-0.013157427310943604,0.12161308526992798,-0.004914462566375732,0.11401176452636719
one_finger_circle,0.013804733753204346,0.10053706169128418,-0.028576970100402832,0.09195351600646973,-0.060978055000305176,0.0789608359336853,-0.07331997156143188,0.08190423250198364,-0.06364333629608154,0.09686499834060669,-0.04438364505767822,-0.002005338668823242,-0.07673710584640503,0.09938150644302368,-0.05891537666320801,0.12660670280456543,-0.03964245319366455,0.11524510383605957,-0.012729108333587646,0.008928894996643066,-0.04764503240585327,0.11025702953338623,-0.03306072950363159,0.13303685188293457,-0.01844918727874756,0.12449157238006592,0.01645570993423462,0.031217455863952637,-0.018585026264190674,0.11978286504745483,-0.010423660278320312,0.13466763496398926,-0.00045669078826904297,0.12395232915878296,0.04338556528091431,0.05757111310958862,0.013172388076782227,0.12322080135345459,0.014016330242156982,0.13254261016845703,0.021018266677856445,0.12014663219451904
one_finger_circle,0.023371756076812744,0.08636504411697388,-0.010036230087280273,0.09925717115402222,-0.029044270515441895,0.11219990253448486,-0.011538982391357422,0.13579857349395752,0.020722687244415283,0.1508622169494629,-0.02198171615600586,0.012784242630004883,-0.01613461971282959,0.10880845785140991,-0.016581177711486816,0.12120664119720459,-0.015733957290649414,0.1039586067199707,0.012006163597106934,0.011339962482452393,0.017705321311950684,0.11107116937637329,0.011404573917388916,0.11698931455612183,0.009155631065368652,0.09700614213943481,0.04168820381164551,0.02589517831802368,0.04331624507904053,0.11462056636810303,0.0337182879447937,0.11561620235443115,0.029014647006988525,0.09324377775192261,0.06605076789855957,0.04820472002029419,0.06324756145477295,0.1141364574432373,0.05200755596160889,0.11590999364852905,0.04794466495513916,0.09896999597549438
one_finger_circle,0.032674551010131836,0.09044653177261353,-0.0021826624870300293,0.10066729784011841,-0.020573318004608154,0.10748732089996338,-0.00222015380859375,0.12668102979660034,0.029374003410339355,0.13949477672576904,-0.007792949676513672,0.011899948120117188,0.006409704685211182,0.08724594116210938,0.003779888153076172,0.1037893295288086,0.0015752911567687988,0.09556025266647339,0.02487623691558838,0.008252739906311035,0.03791773319244385,0.08584374189376831,0.029903829097747803,0.10064417123794556,0.025679290294647217,0.0924147367477417,0.05217009782791138,0.020762860774993896,0.06143617630004883,0.09107357263565063,0.049854934215545654,0.10253685712814331,0.04264068603515625,0.0922052264213562,0.07384741306304932,0.0415802001953125,0.0769580602645874,0.09390711784362793,0.06347566843032837,0.10496056079864502,0.05460077524185181,0.09946846961975098
one_finger_circle,0.045869410037994385,0.10854172706604004,0.018427252769470215,0.11715799570083618,0.006525099277496338,0.11052203178405762,0.029276251792907715,0.11238402128219604,0.058836936950683594,0.11510580778121948,0.0024614930152893066,0.020491838455200195,0.010672926902770996,0.022613525390625,0.03132939338684082,0.045616745948791504,0.050210773944854736,0.06446170806884766,0.03062671422958374,0.007476627826690674,0.044426143169403076,0.008297383785247803,0.0603334903717041,0.039749205112457275,0.07175678014755249,0.06541097164154053,0.05438685417175293,0.008955657482147217,0.0693356990814209,0.007257580757141113,0.08228766918182373,0.038840532302856445,0.09002697467803955,0.0658673644065857,0.07347381114959717,0.022077202796936035,0.08500814437866211,0.0247727632522583,0.09078031778335571,0.051165878772735596,0.09506070613861084,0.07451081275939941
one_finger_circle,0.05090051889419556,0.09955042600631714,0.025491058826446533,0.10879242420196533,0.01532834768295288,0.09975260496139526,0.0424191951751709,0.09543585777282715,0.07576185464859009,0.09584349393844604,0.020030856132507324,0.024002254009246826,0.03237563371658325,0.008304417133331299,0.05486482381820679,0.02576655149459839,0.07245409488677979,0.04384666681289673,0.04315197467803955,0.008374571800231934,0.06321650743484497,-0.001828312873840332,0.08394193649291992,0.02489936351776123,0.0960397720336914,0.049876511096954346,0.06167680025100708,0.0061713457107543945,0.08294510841369629,0.0009717941284179688,0.09677672386169434,0.032472968101501465,0.10144490003585815,0.06018877029418945,0.07420289516448975,0.015379130840301514,0.0911291241645813,0.012447357177734375,0.09821337461471558,0.03820240497589111,0.10096341371536255,0.06307113170623779
one_finger_circle,0.025179922580718994,0.048420488834381104,0.016920030117034912,0.061665356159210205,0.040602803230285645,0.06706118583679199,0.07542741298675537,0.07548642158508301,0.10575008392333984,0.07146638631820679,0.04641437530517578,-0.027866125106811523,0.0880693793296814,-0.03426939249038696,0.12329953908920288,-0.038007497787475586,0.15287595987319946,-0.04409414529800415,0.07631492614746094,-0.02608180046081543,0.10982739925384521,0.024239778518676758,0.08711105585098267,0.05716729164123535,0.0652768611907959,0.060562074184417725,0.09696286916732788,-0.010276079177856445,0.11465507745742798,0.044002413749694824,0.09113550186157227,0.06421029567718506,0.07452654838562012,0.05593067407608032,0.10896247625350952,0.010111868381500244,0.1175229549407959,0.05136305093765259,0.0999559760093689,0.06646591424942017,0.08624851703643799,0.060559749603271484
one_finger_circle,0.03586047887802124,0.048041582107543945,0.022682487964630127,0.043853700160980225,0.04026609659194946,0.032925546169281006,0.07726281881332397,0.04238593578338623,0.10876953601837158,0.045359134674072266,0.05256080627441406,-0.04192483425140381,0.09238868951797485,-0.0601121187210083,0.12564176321029663,-0.07219409942626953,0.15220731496810913,-0.0842856764793396,0.08019709587097168,-0.03323531150817871,0.10756748914718628,0.0073451995849609375,0.08999937772750854,0.04366511106491089,0.0745730996131897,0.053844153881073,0.09973472356796265,-0.014764368534088135,0.11862725019454956,0.027985990047454834,0.096041738986969,0.049176931381225586,0.0799560546875,0.04408836364746094,0.11244428157806396,0.004788219928741455,0.11999785900115967,0.03954869508743286,0.10197466611862183,0.054973721504211426,0.09038108587265015,0.05101388692855835
one_finger_circle,0.05427926778793335,0.036212921142578125,0.042568981647491455,0.03262650966644287,0.055600643157958984,0.015128016471862793,0.0879097580909729,0.010607898235321045,0.1150551438331604,-0.00047075748443603516,0.06395173072814941,-0.07487791776657104,0.09949058294296265,-0.10982704162597656,0.1295565962791443,-0.12816381454467773,0.15419495105743408,-0.14420396089553833,0.08909410238265991,-0.06789690256118774,0.11267417669296265,-0.041584551334381104,0.10310715436935425,-0.0017691254615783691,0.09355878829956055,0.0144120454788208,0.10693609714508057,-0.05072742700576782,0.12211298942565918,-0.013751566410064697,0.10276162624359131,0.015024721622467041,0.08774018287658691,0.016138434410095215,0.11593222618103027,-0.03030836582183838,0.12228924036026001,0.0014469027519226074,0.10761409997940063,0.021485984325408936,0.09673744440078735,0.021410346031188965
one_finger_circle,0.05288821458816528,0.028391718864440918,0.04367786645889282,0.02483159303665161,0.059044063091278076,0.0014924407005310059,0.09308445453643799,-0.010751545429229736,0.11932611465454102,-0.027877449989318848,0.05964183807373047,-0.08967381715774536,0.09261894226074219,-0.1307191252708435,0.12272822856903076,-0.1567557454109192,0.1476457118988037,-0.18147766590118408,0.08561396598815918,-0.08686244487762451,0.11111915111541748,-0.12424945831298828,0.13336467742919922,-0.15063679218292236,0.15379881858825684,-0.18037503957748413,0.10484480857849121,-0.07108336687088013,0.12275439500808716,-0.043620526790618896,0.10533326864242554,-0.009892165660858154,0.08934980630874634,0.0030867457389831543,0.115986168384552,-0.04774957895278931,0.12457311153411865,-0.020690977573394775,0.11068207025527954,0.0013356804847717285,0.09806269407272339,0.00712817907333374
one_finger_circle,0.051049888134002686,0.022120416164398193,0.03547149896621704,0.0064160823822021484,0.044456422328948975,-0.023329436779022217,0.08388328552246094,-0.038869500160217285,0.11160784959793091,-0.055704712867736816,0.049341559410095215,-0.11859351396560669,0.07582736015319824,-0.17347538471221924,0.10217678546905518,-0.20908963680267334,0.12448316812515259,-0.23765778541564941,0.07585316896438599,-0.11253345012664795,0.09739136695861816,-0.16840910911560059,0.12025976181030273,-0.20441901683807373,0.14040791988372803,-0.24004921317100525,0.09496986865997314,-0.09183001518249512,0.11170798540115356,-0.08099746704101562,0.09839487075805664,-0.047197818756103516,0.08529120683670044,-0.0325467586517334,0.10627573728561401,-0.06196939945220947,0.1167261004447937,-0.05270355939865112,0.10444015264511108,-0.029683589935302734,0.08997893333435059,-0.019312500953674316
one_finger_circle,0.04778200387954712,0.016457319259643555,0.02739536762237549,-0.00044405460357666016,0.03240406513214111,-0.03282022476196289,0.07200980186462402,-0.05421900749206543,0.0997956395149231,-0.07506990432739258,0.04208630323410034,-0.13119935989379883,0.06423687934875488,-0.19025403261184692,0.08756089210510254,-0.22780227661132812,0.10852032899856567,-0.258476585149765,0.06760668754577637,-0.12821340560913086,0.0843820571899414,-0.1889069676399231,0.10616481304168701,-0.226701021194458,0.12699520587921143,-0.26124975085258484,0.08678543567657471,-0.10868144035339355,0.10246264934539795,-0.0943489670753479,0.08977359533309937,-0.05610567331314087,0.07796674966812134,-0.0369831919670105,0.09827154874801636,-0.07942187786102295,0.10771369934082031,-0.06825727224349976,0.0955895185470581,-0.04193294048309326,0.08173519372940063,-0.029416143894195557
one_finger_circle,0.036341726779937744,0.014272809028625488,0.013542890548706055,-0.015372872352600098,0.015691041946411133,-0.061477720737457275,0.05250287055969238,-0.09015369415283203,0.08002209663391113,-0.11167991161346436,0.021164655685424805,-0.1576433777809143,0.03874063491821289,-0.22084492444992065,0.055426716804504395,-0.2641598582267761,0.06976783275604248,-0.29925698041915894,0.04623609781265259,-0.15069842338562012,0.05888164043426514,-0.21888703107833862,0.07413303852081299,-0.2601225972175598,0.08878469467163086,-0.29592761397361755,0.06592601537704468,-0.1269298791885376,0.07975411415100098,-0.1305304765701294,0.06838124990463257,-0.09371417760848999,0.05846858024597168,-0.07596659660339355,0.07907313108444214,-0.09267455339431763,0.08630162477493286,-0.09605664014816284,0.07389354705810547,-0.06693851947784424,0.06082075834274292,-0.04950881004333496
one_finger_circle,0.014039754867553711,0.002624213695526123,-0.01225900650024414,-0.0339774489402771,-0.008426129817962646,-0.08758443593978882,0.027486145496368408,-0.11826902627944946,0.05508112907409668,-0.13304626941680908,-0.004740595817565918,-0.17292463779449463,0.00630110502243042,-0.24239099025726318,0.018673062324523926,-0.28960561752319336,0.027995169162750244,-0.32704484462738037,0.022146284580230713,-0.16125112771987915,0.02964848279953003,-0.24000072479248047,0.03938734531402588,-0.2869761884212494,0.048840343952178955,-0.3256133794784546,0.045202791690826416,-0.131236732006073,0.05585896968841553,-0.13236474990844727,0.039712727069854736,-0.0932818055152893,0.026179254055023193,-0.07281696796417236,0.06024050712585449,-0.09122103452682495,0.06351357698440552,-0.09256720542907715,0.0461001992225647,-0.06298929452896118,0.0305938720703125,-0.046810030937194824
one_finger_circle,0.007299840450286865,-0.0025364160537719727,-0.020695149898529053,-0.038006603717803955,-0.022590160369873047,-0.0897442102432251,0.009833216667175293,-0.12470269203186035,0.03765237331390381,-0.14272451400756836,-0.016194939613342285,-0.1825885772705078,-0.009315311908721924,-0.24999305605888367,-0.0004976987838745117,-0.295670747756958,0.005381524562835693,-0.3339735269546509,0.012220978736877441,-0.17185187339782715,0.015494763851165771,-0.2499062418937683,0.021281719207763672,-0.29673922061920166,0.026338815689086914,-0.33588188886642456,0.0375974178314209,-0.1418987512588501,0.042005300521850586,-0.14373600482940674,0.026898622512817383,-0.10264945030212402,0.014963388442993164,-0.07825440168380737,0.05516695976257324,-0.10140389204025269,0.05463302135467529,-0.10619324445724487,0.03716456890106201,-0.0742727518081665,0.022380471229553223,-0.054096102714538574
one_finger_circle,-0.003326237201690674,0.00044655799865722656,-0.037585318088531494,-0.03712683916091919,-0.04736125469207764,-0.09408551454544067,-0.021540045738220215,-0.13677144050598145,0.007773637771606445,-0.15854549407958984,-0.04247009754180908,-0.18133926391601562,-0.04270482063293457,-0.251961350440979,-0.0402601957321167,-0.2979637384414673,-0.03843414783477783,-0.3365944027900696,-0.011981368064880371,-0.17975735664367676,-0.01636826992034912,-0.2547251582145691,-0.018539369106292725,-0.30233725905418396,-0.019877731800079346,-0.3431189954280853,0.01669299602508545,-0.15838533639907837,0.012490034103393555,-0.16274595260620117,-0.0008486509323120117,-0.12314027547836304,-0.009641408920288086,-0.09669017791748047,0.03788614273071289,-0.124919593334198,0.025455713272094727,-0.12053555250167847,0.0058081746101379395,-0.09017682075500488,-0.008558928966522217,-0.06970030069351196
one_finger_circle,-0.0061301589012146,0.0014731287956237793,-0.042319416999816895,-0.03631722927093506,-0.05598634481430054,-0.09492027759552002,-0.03169041872024536,-0.1345542073249817,-0.0016620159149169922,-0.15420448780059814,-0.05121815204620361,-0.17939966917037964,-0.05420410633087158,-0.25028038024902344,-0.054642677307128906,-0.296441912651062,-0.05527985095977783,-0.3352407217025757,-0.019483625888824463,-0.17995280027389526,-0.024988114833831787,-0.2552730441093445,-0.03020334243774414,-0.30501121282577515,-0.033402860164642334,-0.34639668464660645,0.010279238224029541,-0.16022944450378418,-0.00018584728240966797,-0.16683965921401978,-0.013370096683502197,-0.1283559799194336,-0.01909118890762329,-0.10004431009292603,0.03227275609970093,-0.1286858320236206,0.012835919857025146,-0.12238985300064087,-0.0069699883460998535,-0.09240496158599854,-0.018057703971862793,-0.0704803466796875
one_finger_circle,-0.01222538948059082,0.005398809909820557,-0.04901832342147827,-0.02922666072845459,-0.06439954042434692,-0.08493006229400635,-0.042717576026916504,-0.12749600410461426,-0.014840960502624512,-0.14871537685394287,-0.06027406454086304,-0.17397195100784302,-0.0646544098854065,-0.24837493896484375,-0.06616455316543579,-0.295501708984375,-0.06646066904067993,-0.3346318304538727,-0.02798640727996826,-0.17611181735992432,-0.03401726484298706,-0.25404632091522217,-0.03954190015792847,-0.3045208156108856,-0.04219919443130493,-0.3459642827510834,0.002767205238342285,-0.15755093097686768,-0.010738253593444824,-0.16530168056488037,-0.023313045501708984,-0.12671929597854614,-0.02714914083480835,-0.0991625189781189,0.02567213773727417,-0.12642019987106323,0.0038279294967651367,-0.1219019889831543,-0.01545947790145874,-0.09218114614486694,-0.024299025535583496,-0.07080495357513428
one_finger_circle,-0.014012813568115234,0.0026865005493164062,-0.05031615495681763,-0.032547712326049805,-0.06639361381530762,-0.08816087245941162,-0.045096635818481445,-0.12834936380386353,-0.016671359539031982,-0.14833581447601318,-0.06004089117050171,-0.17748326063156128,-0.06471949815750122,-0.2506083846092224,-0.06631863117218018,-0.29693931341171265,-0.06661826372146606,-0.33489975333213806,-0.028591275215148926,-0.1778721809387207,-0.034723877906799316,-0.2558709681034088,-0.04029053449630737,-0.30537357926368713,-0.04293954372406006,-0.345755934715271,0.0019353628158569336,-0.15821367502212524,-0.012465178966522217,-0.16590392589569092,-0.025876283645629883,-0.12613189220428467,-0.029805660247802734,-0.09942018985748291,0.024729490280151367,-0.12624132633209229,0.0026180148124694824,-0.12224501371383667,-0.015989482402801514,-0.09173715114593506,-0.023605287075042725,-0.07116323709487915
one_finger_circle,-0.013716340065002441,0.00463414192199707,-0.049487292766571045,-0.030984163284301758,-0.06359893083572388,-0.08851301670074463,-0.03837662935256958,-0.13122910261154175,-0.008806347846984863,-0.15103363990783691,-0.057523906230926514,-0.1740214228630066,-0.0628049373626709,-0.2471509873867035,-0.06477731466293335,-0.29329490661621094,-0.06527566909790039,-0.3321862518787384,-0.02680259943008423,-0.17524510622024536,-0.03329360485076904,-0.25315767526626587,-0.0375935435295105,-0.30265700817108154,-0.03918975591659546,-0.34299319982528687,0.0024704933166503906,-0.1568191647529602,-0.0061928629875183105,-0.16868722438812256,-0.01974397897720337,-0.1283382773399353,-0.026037156581878662,-0.0994882583618164,0.024621784687042236,-0.12634652853012085,0.009337544441223145,-0.12859922647476196,-0.010229110717773438,-0.09488970041275024,-0.021815180778503418,-0.06928956508636475
one_finger_circle,-0.012268245220184326,0.004291117191314697,-0.047824859619140625,-0.031618595123291016,-0.06130242347717285,-0.08828693628311157,-0.03673666715621948,-0.13087689876556396,-0.008353590965270996,-0.1522529125213623,-0.05573582649230957,-0.1748979687690735,-0.060663700103759766,-0.24811804294586182,-0.06196874380111694,-0.29421108961105347,-0.061803460121154785,-0.3330511152744293,-0.02450615167617798,-0.17505759000778198,-0.030575454235076904,-0.2517877221107483,-0.03497791290283203,-0.3014984130859375,-0.03644132614135742,-0.34241029620170593,0.0048449039459228516,-0.1548774242401123,-0.0046485066413879395,-0.16601979732513428,-0.018791139125823975,-0.12749332189559937,-0.024946391582489014,-0.10079431533813477,0.02629750967025757,-0.1225118637084961,0.009031057357788086,-0.1227191686630249,-0.011072039604187012,-0.09191077947616577,-0.02239859104156494,-0.0697738528251648
one_finger_circle,-0.009222328662872314,0.007410705089569092,-0.04405158758163452,-0.028658151626586914,-0.05942410230636597,-0.08628976345062256,-0.03609079122543335,-0.1284138560295105,-0.0055255889892578125,-0.14589309692382812,-0.0526118278503418,-0.17413246631622314,-0.0569036602973938,-0.2473958134651184,-0.05795466899871826,-0.29325130581855774,-0.05824732780456543,-0.33229076862335205,-0.021577656269073486,-0.1739293336868286,-0.027775168418884277,-0.2501903474330902,-0.03152960538864136,-0.2999109923839569,-0.03338360786437988,-0.3408278822898865,0.007596433162689209,-0.1541253924369812,-0.00043517351150512695,-0.16462630033493042,-0.014044582843780518,-0.12577968835830688,-0.021247446537017822,-0.09809988737106323,0.029370427131652832,-0.12245422601699829,0.013103485107421875,-0.11998367309570312,-0.007119119167327881,-0.08707207441329956,-0.01948857307434082,-0.06306016445159912
one_finger_circle,0.0,0.0,-0.03191649913787842,-0.03609287738800049,-0.04299837350845337,-0.09130644798278809,-0.016506552696228027,-0.13143473863601685,0.01385420560836792,-0.15094655752182007,-0.03328132629394531,-0.18323791027069092,-0.031662702560424805,-0.255170077085495,-0.02784132957458496,-0.30025190114974976,-0.02394324541091919,-0.33841243386268616,-0.0027678608894348145,-0.18119317293167114,-0.002899348735809326,-0.257106751203537,-0.0016435980796813965,-0.3060159981250763,0.0006809234619140625,-0.3460506200790405,0.0252724289894104,-0.15984362363815308,0.021360695362091064,-0.16550636291503906,0.0058803558349609375,-0.12409317493438721,-0.0038468241691589355,-0.09737294912338257,0.04621243476867676,-0.12693321704864502,0.03543531894683838,-0.12304484844207764,0.014216423034667969,-0.09088754653930664,-0.0011780858039855957,-0.07026028633117676
one_finger_circle,0.0001271963119506836,-0.0033802390098571777,-0.03308737277984619,-0.038611769676208496,-0.04456484317779541,-0.0933871865272522,-0.019821882247924805,-0.13237428665161133,0.008920729160308838,-0.1515161395072937,-0.03591984510421753,-0.18535548448562622,-0.03490942716598511,-0.25837600231170654,-0.03215134143829346,-0.30361610651016235,-0.029734313488006592,-0.3419254422187805,-0.00454866886138916,-0.18229162693023682,-0.0053751468658447266,-0.2590674161911011,-0.004653811454772949,-0.3061896860599518,-0.0033754706382751465,-0.3461511731147766,0.02380383014678955,-0.16001427173614502,0.022696971893310547,-0.16232293844223022,0.007284283638000488,-0.1230728030204773,-0.0031443238258361816,-0.097725510597229,0.04445910453796387,-0.12625926733016968,0.03369814157485962,-0.11486363410949707,0.012859940528869629,-0.08194643259048462,-0.0024355053901672363,-0.06084859371185303
one_finger_circle,-0.002995312213897705,-0.003204822540283203,-0.03753495216369629,-0.0401877760887146,-0.0487513542175293,-0.0965912938117981,-0.023559093475341797,-0.13585561513900757,0.006386876106262207,-0.15431958436965942,-0.040846288204193115,-0.18250632286071777,-0.04101908206939697,-0.2554762065410614,-0.03926593065261841,-0.3007209897041321,-0.03674978017807007,-0.3394099473953247,-0.008456230163574219,-0.18249744176864624,-0.011162221431732178,-0.25926968455314636,-0.01203310489654541,-0.30789464712142944,-0.010579049587249756,-0.3497987985610962,0.021151363849639893,-0.16225934028625488,0.01212388277053833,-0.16732275485992432,-0.00267946720123291,-0.12839138507843018,-0.009811997413635254,-0.10232877731323242,0.04229617118835449,-0.13026165962219238,0.02371758222579956,-0.12446266412734985,0.0025148391723632812,-0.09620797634124756,-0.010285139083862305,-0.0776139497756958
one_finger_circle,-0.009645521640777588,-0.003971397876739502,-0.04528170824050903,-0.03861767053604126,-0.06175684928894043,-0.09272104501724243,-0.04076188802719116,-0.13273519277572632,-0.010849356651306152,-0.1509971022605896,-0.05601471662521362,-0.18106651306152344,-0.0602644681930542,-0.25396329164505005,-0.06153231859207153,-0.2992488741874695,-0.062278032302856445,-0.3379320502281189,-0.024065852165222168,-0.18307435512542725,-0.03150808811187744,-0.25812825560569763,-0.0379253625869751,-0.30645814538002014,-0.042073965072631836,-0.3472689390182495,0.006169021129608154,-0.16517388820648193,-0.004252910614013672,-0.16989821195602417,-0.017031550407409668,-0.13169699907302856,-0.0229758620262146,-0.10365092754364014,0.0288618803024292,-0.13496118783950806,0.009646236896514893,-0.1247018575668335,-0.01018381118774414,-0.09474408626556396,-0.021853089332580566,-0.07326382398605347
one_finger_circle,-0.014957904815673828,-0.005067586898803711,-0.05081409215927124,-0.03591412305831909,-0.07001304626464844,-0.09053552150726318,-0.04893606901168823,-0.1286107897758484,-0.01859867572784424,-0.14585459232330322,-0.06388556957244873,-0.1760181188583374,-0.07073163986206055,-0.24804675579071045,-0.07354021072387695,-0.2936531901359558,-0.07559072971343994,-0.3322685956954956,-0.032161593437194824,-0.18036335706710815,-0.04057502746582031,-0.2547288239002228,-0.05022788047790527,-0.30207541584968567,-0.057682156562805176,-0.3418786823749542,-0.0019667744636535645,-0.16495704650878906,-0.01744741201400757,-0.1673729419708252,-0.027967453002929688,-0.12733834981918335,-0.030591189861297607,-0.09905976057052612,0.02064692974090576,-0.13810205459594727,-0.0020499825477600098,-0.12558960914611816,-0.02050381898880005,-0.0944473147392273,-0.028961181640625,-0.07288825511932373
one_finger_circle,-0.021704494953155518,0.0014572739601135254,-0.059344589710235596,-0.02732694149017334,-0.08145326375961304,-0.07437902688980103,-0.0647922158241272,-0.1090085506439209,-0.040041565895080566,-0.1295231580734253,-0.07522624731063843,-0.16242748498916626,-0.08685612678527832,-0.23357796669006348,-0.09298723936080933,-0.27917274832725525,-0.09670412540435791,-0.3188132047653198,-0.04311096668243408,-0.16904884576797485,-0.05619657039642334,-0.242863267660141,-0.06684839725494385,-0.2909468412399292,-0.07441180944442749,-0.330639123916626,-0.012097060680389404,-0.15488898754119873,-0.029529690742492676,-0.1569957733154297,-0.039766788482666016,-0.1200518012046814,-0.042698681354522705,-0.09230566024780273,0.011385321617126465,-0.12813156843185425,-0.015066742897033691,-0.10930836200714111,-0.034143924713134766,-0.0779605507850647,-0.043652117252349854,-0.05536603927612305
one_finger_circle,-0.02351433038711548,0.0036142468452453613,-0.06186586618423462,-0.022882044315338135,-0.08634501695632935,-0.06906503438949585,-0.07041805982589722,-0.10251301527023315,-0.0452921986579895,-0.11964583396911621,-0.07948589324951172,-0.15640169382095337,-0.09275078773498535,-0.22428712248802185,-0.10007697343826294,-0.26727113127708435,-0.10451352596282959,-0.30491507053375244,-0.047762274742126465,-0.1639307141304016,-0.06396865844726562,-0.2351466417312622,-0.07605171203613281,-0.28060513734817505,-0.08402436971664429,-0.3191096782684326,-0.016678452491760254,-0.15086567401885986,-0.03568422794342041,-0.14948880672454834,-0.04563117027282715,-0.11249274015426636,-0.04769998788833618,-0.08597832918167114,0.006707131862640381,-0.12501651048660278,-0.021441102027893066,-0.10219639539718628,-0.03953266143798828,-0.07188594341278076,-0.04732590913772583,-0.05179858207702637
one_finger_circle,-0.026822268962860107,0.01414787769317627,-0.06578689813613892,-0.009614884853363037,-0.093883216381073,-0.04957854747772217,-0.08332490921020508,-0.07706916332244873,-0.058641016483306885,-0.0930560827255249,-0.08698588609695435,-0.1372351050376892,-0.10258954763412476,-0.19936728477478027,-0.11287695169448853,-0.23860439658164978,-0.12011605501174927,-0.2732201814651489,-0.05548298358917236,-0.14736342430114746,-0.07377958297729492,-0.21056383848190308,-0.0905347466468811,-0.25126224756240845,-0.10342353582382202,-0.2870878577232361,-0.02430891990661621,-0.13599741458892822,-0.04813098907470703,-0.12547385692596436,-0.057461440563201904,-0.09127527475357056,-0.05802208185195923,-0.06984549760818481,-0.0012881159782409668,-0.10991770029067993,-0.033444106578826904,-0.07550549507141113,-0.04962962865829468,-0.0456424355506897,-0.05439877510070801,-0.02793419361114502
one_finger_circle,-0.028827905654907227,0.02074068784713745,-0.0682629942893982,-0.002549469470977783,-0.09550654888153076,-0.03923410177230835,-0.08657604455947876,-0.06537646055221558,-0.06442129611968994,-0.08236348628997803,-0.08882075548171997,-0.1246190071105957,-0.10589784383773804,-0.18585973978042603,-0.11775285005569458,-0.2233758568763733,-0.1263117790222168,-0.2564206123352051,-0.05665534734725952,-0.13661444187164307,-0.07694172859191895,-0.1978321075439453,-0.0960586667060852,-0.23565497994422913,-0.11130177974700928,-0.2669506072998047,-0.025375545024871826,-0.1263359785079956,-0.05059701204299927,-0.11212176084518433,-0.06234872341156006,-0.07893621921539307,-0.06479567289352417,-0.05682653188705444,-0.003989040851593018,-0.10014349222183228,-0.039009153842926025,-0.05836564302444458,-0.05629169940948486,-0.029155433177947998,-0.06115567684173584,-0.011520147323608398
one_finger_circle,-0.025185883045196533,0.03346759080886841,-0.06763964891433716,0.014630258083343506,-0.1017911434173584,-0.016218245029449463,-0.10036879777908325,-0.038186073303222656,-0.07513290643692017,-0.040453553199768066,-0.09220290184020996,-0.09698444604873657,-0.11305654048919678,-0.15212053060531616,-0.127764493227005,-0.1847403645515442,-0.13971596956253052,-0.21341407299041748,-0.061808109283447266,-0.10986989736557007,-0.08482444286346436,-0.16226601600646973,-0.10750740766525269,-0.1937057375907898,-0.12755802273750305,-0.22313636541366577,-0.031643807888031006,-0.09872186183929443,-0.061747610569000244,-0.0752490758895874,-0.07174891233444214,-0.043346405029296875,-0.0723380446434021,-0.030152320861816406,-0.012180447578430176,-0.06930816173553467,-0.04664170742034912,-0.02197200059890747,-0.058984339237213135,-0.0002448558807373047,-0.05968356132507324,0.006128370761871338
one_finger_circle,-0.0239526629447937,0.03809553384780884,-0.06626296043395996,0.022456824779510498,-0.10267388820648193,-0.002488076686859131,-0.10506033897399902,-0.018704771995544434,-0.08157455921173096,-0.02001434564590454,-0.09532308578491211,-0.0924689769744873,-0.1187867522239685,-0.1380983591079712,-0.1352282464504242,-0.16560804843902588,-0.14859142899513245,-0.1906023621559143,-0.0660402774810791,-0.10505157709121704,-0.09073007106781006,-0.14987683296203613,-0.11563301086425781,-0.1748303771018982,-0.1378825604915619,-0.1974802017211914,-0.035994648933410645,-0.09320372343063354,-0.06306308507919312,-0.07036644220352173,-0.07361263036727905,-0.034325599670410156,-0.07658106088638306,-0.014858722686767578,-0.014367938041687012,-0.06225144863128662,-0.04588925838470459,-0.011164963245391846,-0.061498939990997314,0.014618992805480957,-0.06734693050384521,0.025605380535125732
one_finger_circle,-0.024409115314483643,0.04243415594100952,-0.067629873752594,0.02995377779006958,-0.10549473762512207,0.007679283618927002,-0.10623764991760254,0.00031703710556030273,-0.08155405521392822,0.004573404788970947,-0.09977954626083374,-0.08448129892349243,-0.12264952063560486,-0.12300103902816772,-0.13980108499526978,-0.14435112476348877,-0.15480902791023254,-0.16442716121673584,-0.07079601287841797,-0.0938987135887146,-0.0940624475479126,-0.13066214323043823,-0.11948901414871216,-0.14815229177474976,-0.14228257536888123,-0.16487401723861694,-0.040628671646118164,-0.0793275237083435,-0.0688025951385498,-0.04314345121383667,-0.07722264528274536,-0.013799309730529785,-0.07820260524749756,-0.006259441375732422,-0.017602920532226562,-0.046634674072265625,-0.04913938045501709,0.008586764335632324,-0.06121474504470825,0.028854727745056152,-0.06466799974441528,0.030413031578063965
one_finger_circle,-0.011155486106872559,0.05176597833633423,-0.058703839778900146,0.03646361827850342,-0.09850519895553589,0.023112952709197998,-0.1081768274307251,0.036078572273254395,-0.08724439144134521,0.053367674350738525,-0.08373820781707764,-0.06628155708312988,-0.11661899089813232,-0.08324313163757324,-0.1414424180984497,-0.0931815505027771,-0.1631184220314026,-0.10397720336914062,-0.05821382999420166,-0.06746858358383179,-0.09676170349121094,-0.08123272657394409,-0.12521851062774658,-0.09165221452713013,-0.14848622679710388,-0.10285604000091553,-0.03340631723403931,-0.045992136001586914,-0.07936173677444458,0.012465834617614746,-0.08100783824920654,0.03127408027648926,-0.07517492771148682,0.02714240550994873,-0.016358017921447754,-0.00792694091796875,-0.05616462230682373,0.04911154508590698,-0.059429168701171875,0.05598634481430054,-0.054509639739990234,0.043035030364990234
one_finger_circle,-0.0008409023284912109,0.04944700002670288,-0.046818673610687256,0.02603083848953247,-0.08671784400939941,0.013143718242645264,-0.10231482982635498,0.045054614543914795,-0.09354269504547119,0.07705885171890259,-0.07316780090332031,-0.062321484088897705,-0.11218202114105225,-0.06743651628494263,-0.1400691568851471,-0.06924527883529663,-0.1655706763267517,-0.07145577669143677,-0.04790085554122925,-0.05408358573913574,-0.09475302696228027,-0.05856359004974365,-0.1255386471748352,-0.06605565547943115,-0.15086016058921814,-0.07297712564468384,-0.025659799575805664,-0.02659010887145996,-0.08030009269714355,0.030148684978485107,-0.07549744844436646,0.043347299098968506,-0.06414824724197388,0.034268736839294434,-0.012456178665161133,0.013548851013183594,-0.058266282081604004,0.06482571363449097,-0.05488365888595581,0.06628555059432983,-0.04291713237762451,0.04825448989868164
one_finger_circle,0.004396915435791016,0.07568567991256714,-0.038655638694763184,0.05766254663467407,-0.07666951417922974,0.049682796001434326,-0.09114766120910645,0.07645952701568604,-0.0790143609046936,0.10373896360397339,-0.06558853387832642,-0.029533684253692627,-0.09955602884292603,-0.034206271171569824,-0.12633153796195984,-0.026125013828277588,-0.14945518970489502,-0.014563977718353271,-0.038569629192352295,-0.023079097270965576,-0.0789419412612915,-0.014303386211395264,-0.0987774133682251,-0.014625787734985352,-0.11336392164230347,-0.016752302646636963,-0.012846112251281738,0.0037955641746520996,-0.06040889024734497,0.06930691003799438,-0.05523306131362915,0.07590377330780029,-0.04385143518447876,0.06440097093582153,0.005626320838928223,0.041898131370544434,-0.03687924146652222,0.09890896081924438,-0.03519487380981445,0.09906071424484253,-0.025724947452545166,0.08070796728134155
one_finger_circle,0.005650639533996582,0.08732414245605469,-0.03533017635345459,0.06604057550430298,-0.07123303413391113,0.058177828788757324,-0.08285272121429443,0.08962708711624146,-0.07034826278686523,0.11905628442764282,-0.060846805572509766,-0.019320309162139893,-0.09335201978683472,-0.016629457473754883,-0.11886286735534668,-0.006680428981781006,-0.1409863829612732,0.004758059978485107,-0.03364205360412598,-0.012082934379577637,-0.07282233238220215,-0.0004075169563293457,-0.09556102752685547,0.003545105457305908,-0.11116993427276611,0.006342947483062744,-0.007423341274261475,0.014219582080841064,-0.05103921890258789,0.08081620931625366,-0.04766404628753662,0.08751964569091797,-0.03816956281661987,0.07585501670837402,0.012445628643035889,0.05046290159225464,-0.02632737159729004,0.10817521810531616,-0.024126827716827393,0.10727906227111816,-0.014401793479919434,0.08759748935699463
one_finger_circle,0.012703776359558105,0.10694378614425659,-0.020310044288635254,0.08871191740036011,-0.05047905445098877,0.08146512508392334,-0.06199288368225098,0.10807961225509644,-0.051207125186920166,0.13500118255615234,-0.04648619890213013,-7.265806198120117e-05,-0.09469395875930786,0.025852620601654053,-0.09720408916473389,0.04060715436935425,-0.09228134155273438,0.044001102447509766,-0.016230762004852295,0.0049700140953063965,-0.06548839807510376,0.03456312417984009,-0.08126580715179443,0.041496992111206055,-0.09070628881454468,0.04017043113708496,0.012103438377380371,0.03229409456253052,-0.03792077302932739,0.1008988618850708,-0.03145396709442139,0.11731815338134766,-0.016617894172668457,0.11375761032104492,0.03317636251449585,0.06973475217819214,-0.012303531169891357,0.1243966817855835,-0.009035646915435791,0.13179105520248413,0.004817545413970947,0.12306725978851318
one_finger_circle,-0.011887609958648682,0.08773243427276611,-0.0015145540237426758,0.1116296648979187,0.0034289956092834473,0.12577825784683228,-0.0034871697425842285,0.14797502756118774,-0.007328629493713379,0.16954082250595093,0.028454363346099854,0.04246717691421509,-0.014930665493011475,0.0995098352432251,-0.024661481380462646,0.10659068822860718,-0.02004420757293701,0.09449636936187744,0.01583915948867798,0.02476435899734497,-0.025188088417053223,0.08807933330535889,-0.032032012939453125,0.09395366907119751,-0.02761828899383545,0.08068591356277466,-0.0021249055862426758,0.021468758583068848,-0.040485501289367676,0.08506977558135986,-0.04140162467956543,0.09067654609680176,-0.03417086601257324,0.07393699884414673,-0.023727834224700928,0.025857269763946533,-0.05568957328796387,0.07543087005615234,-0.05553436279296875,0.08423960208892822,-0.04660677909851074,0.07519292831420898
one_finger_circle,0.00303727388381958,0.13131189346313477,-0.027730226516723633,0.13120287656784058,-0.038483619689941406,0.12894809246063232,-0.022139012813568115,0.1499934196472168,0.005271732807159424,0.17079365253448486,0.007347524166107178,0.03003978729248047,-0.012527525424957275,0.09155452251434326,-0.01877802610397339,0.1142529845237732,-0.012132525444030762,0.10641920566558838,0.031841814517974854,0.032110393047332764,0.012501776218414307,0.09989213943481445,-0.000722050666809082,0.12259578704833984,0.002141237258911133,0.1141466498374939,0.04830968379974365,0.050953030586242676,0.029123127460479736,0.11819124221801758,0.01594376564025879,0.13371044397354126,0.017621219158172607,0.11909782886505127,0.05870562791824341,0.0801275372505188,0.04212045669555664,0.1299523115158081,0.02982199192047119,0.1427496075630188,0.03134655952453613,0.13298171758651733
one_finger_circle,0.021166622638702393,0.13174927234649658,-0.0061533451080322266,0.13300758600234985,-0.019900619983673096,0.13261759281158447,0.0034983158111572266,0.1503763198852539,0.03312873840332031,0.16103827953338623,-0.0014055967330932617,0.03257721662521362,0.0019202828407287598,0.07846581935882568,0.0015860795974731445,0.09688860177993774,0.0033740997314453125,0.09394359588623047,0.02898043394088745,0.030078589916229248,0.03563779592514038,0.08553045988082886,0.02820742130279541,0.10817211866378784,0.024495244026184082,0.10334086418151855,0.052727341651916504,0.044582366943359375,0.0611608624458313,0.09834462404251099,0.04938298463821411,0.11832594871520996,0.041499435901641846,0.1111251711845398,0.07163047790527344,0.07104820013046265,0.07403755187988281,0.11469018459320068,0.06132417917251587,0.12941187620162964,0.0527418851852417,0.12286996841430664
one_finger_circle,0.043157875537872314,0.14254575967788696,0.015490472316741943,0.14617043733596802,0.002199411392211914,0.14145290851593018,0.023561179637908936,0.15034395456314087,0.05092597007751465,0.1544630527496338,0.006407499313354492,0.06423807144165039,0.018975436687469482,0.053056299686431885,0.03944265842437744,0.06399649381637573,0.05851083993911743,0.08048510551452637,0.0366176962852478,0.05521959066390991,0.05204802751541138,0.03814631700515747,0.06562626361846924,0.06415694952011108,0.07372182607650757,0.09065085649490356,0.06129348278045654,0.06020134687423706,0.0816221833229065,0.07399982213973999,0.08119839429855347,0.11925578117370605,0.07361793518066406,0.1492874026298523,0.07964390516281128,0.07483887672424316,0.09089618921279907,0.09202820062637329,0.08661878108978271,0.12599486112594604,0.07933086156845093,0.14866167306900024
one_finger_circle,0.01353532075881958,0.06111598014831543,0.0025932788848876953,0.10741233825683594,0.021645009517669678,0.14673858880996704,0.0515902042388916,0.16282999515533447,0.08340001106262207,0.15646857023239136,0.01598113775253296,0.04790771007537842,0.04772061109542847,0.049931108951568604,0.08412599563598633,0.059136807918548584,0.11345356702804565,0.06737309694290161,0.049421727657318115,0.03428769111633301,0.09083861112594604,0.09960693120956421,0.0760985016822815,0.13386642932891846,0.05476510524749756,0.13737040758132935,0.07546031475067139,0.03720569610595703,0.10030621290206909,0.10598468780517578,0.07830619812011719,0.1314847469329834,0.05969482660293579,0.12218546867370605,0.0934104323387146,0.046405017375946045,0.10969728231430054,0.09857839345932007,0.08892756700515747,0.11488258838653564,0.06983816623687744,0.10461372137069702
one_finger_circle,0.025692641735076904,0.08902949094772339,0.008508026599884033,0.1116144061088562,0.025332868099212646,0.12823981046676636,0.0595555305480957,0.1414121389389038,0.09024828672409058,0.1432788372039795,0.03607147932052612,0.0415918231010437,0.0751911997795105,0.04287821054458618,0.11054152250289917,0.04343771934509277,0.14157092571258545,0.043022334575653076,0.0681348443031311,0.03967630863189697,0.0914948582649231,0.10723519325256348,0.06972277164459229,0.1306864619255066,0.051286518573760986,0.12871462106704712,0.09066855907440186,0.05477893352508545,0.09746873378753662,0.12404567003250122,0.07379919290542603,0.13473862409591675,0.059582293033599854,0.12215238809585571,0.10515844821929932,0.07386767864227295,0.10700160264968872,0.1257590651512146,0.08507764339447021,0.13290220499038696,0.07210385799407959,0.12257504463195801
one_finger_circle,0.03592252731323242,0.10948580503463745,0.025539815425872803,0.10332101583480835,0.04387784004211426,0.09307080507278442,0.07980835437774658,0.10487222671508789,0.10969662666320801,0.11194771528244019,0.05314016342163086,0.023022592067718506,0.09084248542785645,0.006606340408325195,0.12217611074447632,-0.004393935203552246,0.14901608228683472,-0.015663444995880127,0.07917600870132446,0.029982030391693115,0.10447108745574951,0.07731682062149048,0.08528649806976318,0.10868197679519653,0.06851577758789062,0.11512547731399536,0.09852242469787598,0.04699355363845825,0.11475080251693726,0.09636420011520386,0.09136658906936646,0.11422151327133179,0.07495546340942383,0.10738182067871094,0.11058145761489868,0.06558704376220703,0.11846542358398438,0.10512059926986694,0.09916609525680542,0.1179465651512146,0.08518010377883911,0.11249423027038574
one_finger_circle,0.043527841567993164,0.09704506397247314,0.031211793422698975,0.09609401226043701,0.04931676387786865,0.08460921049118042,0.08442181348800659,0.09163761138916016,0.1135329008102417,0.09042519330978394,0.06317776441574097,0.009525656700134277,0.0967220664024353,-0.01476353406906128,0.126196026802063,-0.028350234031677246,0.15130317211151123,-0.04133808612823486,0.08870285749435425,0.01647007465362549,0.11365151405334473,0.05082064867019653,0.10357779264450073,0.08911716938018799,0.09348255395889282,0.1025533676147461,0.10625290870666504,0.031087279319763184,0.12285935878753662,0.07060486078262329,0.10100424289703369,0.09693747758865356,0.08397763967514038,0.0954446792602539,0.1153109073638916,0.047385454177856445,0.12217509746551514,0.0816851258277893,0.10661721229553223,0.09968370199203491,0.0949249267578125,0.09842711687088013
one_finger_circle,0.051950812339782715,0.08292311429977417,0.04252654314041138,0.07961863279342651,0.05878525972366333,0.06458073854446411,0.0926329493522644,0.06344097852706909,0.12065398693084717,0.05436736345291138,0.06896215677261353,-0.02463299036026001,0.10523122549057007,-0.05777460336685181,0.13631784915924072,-0.07600021362304688,0.1620054841041565,-0.09256201982498169,0.09535133838653564,-0.021269679069519043,0.1192750334739685,0.01582634449005127,0.10741925239562988,0.05498170852661133,0.09468430280685425,0.06773900985717773,0.11295056343078613,-0.004171967506408691,0.1250389814376831,0.04321330785751343,0.10418343544006348,0.06961137056350708,0.08752596378326416,0.0672152042388916,0.12100487947463989,0.016492784023284912,0.12522399425506592,0.057841479778289795,0.10807663202285767,0.07520031929016113,0.09442973136901855,0.07074117660522461
one_finger_circle,0.05331951379776001,0.07661104202270508,0.04049032926559448,0.06935626268386841,0.05431097745895386,0.04959136247634888,0.0916755199432373,0.04581582546234131,0.12096047401428223,0.0346561074256897,0.06748664379119873,-0.040617287158966064,0.10348308086395264,-0.07845073938369751,0.1354486346244812,-0.10181891918182373,0.16166585683822632,-0.12481456995010376,0.09284240007400513,-0.03630632162094116,0.11970490217208862,-0.033481061458587646,0.1238863468170166,-0.028770148754119873,0.12696069478988647,-0.041918933391571045,0.1113131046295166,-0.017955362796783447,0.1280001401901245,0.020306646823883057,0.10782438516616821,0.047437429428100586,0.09043258428573608,0.047344744205474854,0.12089717388153076,0.006302356719970703,0.1284019947052002,0.03932160139083862,0.11245715618133545,0.05672937631607056,0.09809213876724243,0.053738534450531006
one_finger_circle,0.05467653274536133,0.06264406442642212,0.04771244525909424,0.05400407314300537,0.06088459491729736,0.027809977531433105,0.09671330451965332,0.00736767053604126,0.125555157661438,-0.013496160507202148,0.06367498636245728,-0.06872433423995972,0.09663981199264526,-0.1197671890258789,0.1259259581565857,-0.15419739484786987,0.15009140968322754,-0.18460184335708618,0.08721154928207397,-0.06800931692123413,0.11255848407745361,-0.1213686466217041,0.13769668340682983,-0.15415364503860474,0.16017091274261475,-0.1871902346611023,0.10438072681427002,-0.0510256290435791,0.12593692541122437,-0.027271926403045654,0.112171471118927,0.01026827096939087,0.09772235155105591,0.02575540542602539,0.1135261058807373,-0.025072097778320312,0.1282222867012024,-0.005374789237976074,0.11541932821273804,0.019343554973602295,0.10001969337463379,0.026829540729522705
one_finger_circle,0.05590862035751343,0.06359624862670898,0.04423654079437256,0.04323667287826538,0.05604827404022217,0.00927048921585083,0.09401410818099976,-0.011334657669067383,0.12311446666717529,-0.029925167560577393,0.06174880266189575,-0.08331292867660522,0.08919346332550049,-0.13924449682235718,0.11542022228240967,-0.17637556791305542,0.13848662376403809,-0.206346333026886,0.08697950839996338,-0.0764845609664917,0.10913145542144775,-0.13480514287948608,0.13345491886138916,-0.17312806844711304,0.15613621473312378,-0.20728713274002075,0.10480159521102905,-0.05506563186645508,0.12278985977172852,-0.039999306201934814,0.10725384950637817,-0.0016660690307617188,0.09236204624176025,0.01732701063156128,0.11417889595031738,-0.02576547861099243,0.1258949637413025,-0.016246140003204346,0.11200088262557983,0.010208547115325928,0.09568822383880615,0.02236086130142212
one_finger_circle,0.04933041334152222,0.04819619655609131,0.03334224224090576,0.018734514713287354,0.043389320373535156,-0.02141273021697998,0.08209353685379028,-0.04669368267059326,0.11053019762039185,-0.06494760513305664,0.05131089687347412,-0.11381101608276367,0.07361239194869995,-0.1756388545036316,0.09441232681274414,-0.2180045247077942,0.1128426194190979,-0.2520851492881775,0.07598423957824707,-0.10733544826507568,0.09137189388275146,-0.1745232343673706,0.11094224452972412,-0.21712952852249146,0.13035356998443604,-0.25308042764663696,0.09431970119476318,-0.08530396223068237,0.11092901229858398,-0.07424736022949219,0.09772604703903198,-0.02991664409637451,0.08532130718231201,-0.006806731224060059,0.10482299327850342,-0.054329097270965576,0.11532461643218994,-0.04918467998504639,0.10190856456756592,-0.01785510778427124,0.08617699146270752,-0.0002682805061340332
one_finger_circle,0.04718339443206787,0.038428664207458496,0.027404606342315674,0.008299767971038818,0.033723652362823486,-0.03467881679534912,0.07110273838043213,-0.062111735343933105,0.09841418266296387,-0.0837220549583435,0.04198050498962402,-0.13027983903884888,0.061661481857299805,-0.19477945566177368,0.08009606599807739,-0.23858165740966797,0.09551042318344116,-0.27418702840805054,0.06665277481079102,-0.12342673540115356,0.08155500888824463,-0.19203025102615356,0.09911924600601196,-0.2360234260559082,0.11541658639907837,-0.2729312777519226,0.08527666330337524,-0.09976673126220703,0.1018475890159607,-0.09335470199584961,0.08930593729019165,-0.051280081272125244,0.07725578546524048,-0.027569949626922607,0.09615272283554077,-0.06731259822845459,0.10705554485321045,-0.06444412469863892,0.09371936321258545,-0.033543527126312256,0.0787426233291626,-0.015186667442321777
one_finger_circle,0.04143458604812622,0.030533671379089355,0.01898038387298584,-0.00218045711517334,0.024498581886291504,-0.05036419630050659,0.06039726734161377,-0.07852649688720703,0.08763360977172852,-0.09480774402618408,0.031401097774505615,-0.14375156164169312,0.04925405979156494,-0.20964723825454712,0.06606286764144897,-0.25399285554885864,0.08032488822937012,-0.28965622186660767,0.056862831115722656,-0.13479042053222656,0.0694117546081543,-0.20747262239456177,0.08532387018203735,-0.25216788053512573,0.10038542747497559,-0.28964483737945557,0.07715380191802979,-0.10896974802017212,0.0900312066078186,-0.1052473783493042,0.07688736915588379,-0.06431108713150024,0.06520348787307739,-0.04180842638015747,0.09020715951919556,-0.074740469455719,0.09568381309509277,-0.0731198787689209,0.08160752058029175,-0.04294991493225098,0.06753253936767578,-0.02477574348449707
one_finger_circle,0.0254209041595459,0.022484242916107178,-0.0010392069816589355,-0.01580941677093506,0.0027700066566467285,-0.07202321290969849,0.0387420654296875,-0.10501664876937866,0.06670033931732178,-0.121651291847229,0.007676541805267334,-0.16012704372406006,0.02018672227859497,-0.22938218712806702,0.0325700044631958,-0.27633869647979736,0.04223358631134033,-0.31474769115448,0.03460317850112915,-0.14958304166793823,0.04206448793411255,-0.2283831536769867,0.052557289600372314,-0.27660590410232544,0.06219583749771118,-0.31661468744277954,0.05755460262298584,-0.12096285820007324,0.06514281034469604,-0.12741738557815552,0.050679028034210205,-0.08672922849655151,0.03833413124084473,-0.0632094144821167,0.07337790727615356,-0.08260375261306763,0.0758436918258667,-0.09192264080047607,0.05869293212890625,-0.06036895513534546,0.043311119079589844,-0.04019665718078613
one_finger_circle,0.016658008098602295,0.01882082223892212,-0.012297868728637695,-0.02087390422821045,-0.011185705661773682,-0.07719087600708008,0.023772716522216797,-0.11369562149047852,0.05199170112609863,-0.13672584295272827,-0.004172086715698242,-0.16732347011566162,0.005158126354217529,-0.2377762794494629,0.015662848949432373,-0.2852458953857422,0.02411264181137085,-0.32326504588127136,0.023825645446777344,-0.15499722957611084,0.029775798320770264,-0.23669493198394775,0.03741490840911865,-0.28592315316200256,0.04531353712081909,-0.32698941230773926,0.047799766063690186,-0.12404543161392212,0.05328476428985596,-0.13373082876205444,0.0357477068901062,-0.0948299765586853,0.022634446620941162,-0.0750347375869751,0.06412255764007568,-0.08322203159332275,0.06388026475906372,-0.09508687257766724,0.04445815086364746,-0.06566309928894043,0.028003454208374023,-0.05040538311004639
one_finger_circle,0.0032134056091308594,0.012961149215698242,-0.02837681770324707,-0.028260409832000732,-0.03232979774475098,-0.08417254686355591,-0.0038818717002868652,-0.12417411804199219,0.024302661418914795,-0.1465356945991516,-0.02527153491973877,-0.1753089427947998,-0.02026134729385376,-0.24603909254074097,-0.014103829860687256,-0.2926756739616394,-0.010239720344543457,-0.33183708786964417,0.004530727863311768,-0.1677548885345459,0.006828606128692627,-0.2471541464328766,0.010126948356628418,-0.29658418893814087,0.013077020645141602,-0.3385859727859497,0.030767500400543213,-0.14063328504562378,0.028572499752044678,-0.147727370262146,0.013656139373779297,-0.10708093643188477,0.0033130645751953125,-0.08296126127243042,0.049043238162994385,-0.10274302959442139,0.041489601135253906,-0.10746949911117554,0.021995723247528076,-0.07740610837936401,0.006452441215515137,-0.05852538347244263
one_finger_circle,-0.002472996711730957,0.015410840511322021,-0.03735792636871338,-0.02561640739440918,-0.04520130157470703,-0.0868295431137085,-0.017240703105926514,-0.12805932760238647,0.012409687042236328,-0.14892578125,-0.03661066293716431,-0.17364996671676636,-0.033605754375457764,-0.24586030840873718,-0.029535114765167236,-0.293427050113678,-0.027072608470916748,-0.3326955735683441,-0.006728470325469971,-0.16902130842208862,-0.007140517234802246,-0.24771225452423096,-0.006060302257537842,-0.29691874980926514,-0.0042174458503723145,-0.33854979276657104,0.020045220851898193,-0.14492952823638916,0.01887047290802002,-0.15337765216827393,0.0035739541053771973,-0.11284762620925903,-0.007041752338409424,-0.08721721172332764,0.03907954692840576,-0.10978984832763672,0.02985447645187378,-0.11176490783691406,0.009158909320831299,-0.08065277338027954,-0.0069838762283325195,-0.06050717830657959
one_finger_circle,-0.019046247005462646,0.010532855987548828,-0.053171634674072266,-0.030753672122955322,-0.06309765577316284,-0.08925789594650269,-0.03727763891220093,-0.13291794061660767,-0.008389651775360107,-0.15548938512802124,-0.05462270975112915,-0.178458571434021,-0.055088937282562256,-0.24971652030944824,-0.05329298973083496,-0.2963220775127411,-0.05183333158493042,-0.33549487590789795,-0.024036109447479248,-0.17286807298660278,-0.025910019874572754,-0.2511082589626312,-0.027876615524291992,-0.3001576066017151,-0.028541743755340576,-0.3421515226364136,0.004692375659942627,-0.14821040630340576,-0.0035241246223449707,-0.16146540641784668,-0.019226491451263428,-0.11966490745544434,-0.02750265598297119,-0.09250015020370483,0.02632296085357666,-0.1121717095375061,0.013092339038848877,-0.12244701385498047,-0.0072724223136901855,-0.09204137325286865,-0.02007293701171875,-0.07139360904693604
one_finger_circle,-0.021885156631469727,0.006973862648010254,-0.05649244785308838,-0.0309179425239563,-0.06868821382522583,-0.08741694688796997,-0.04331624507904053,-0.12986165285110474,-0.014073789119720459,-0.15171849727630615,-0.06187325716018677,-0.17408931255340576,-0.06297719478607178,-0.2475494146347046,-0.06183105707168579,-0.2940231263637543,-0.06115293502807617,-0.3333216905593872,-0.030238687992095947,-0.17250782251358032,-0.03239929676055908,-0.25189146399497986,-0.0349467396736145,-0.30081743001937866,-0.03594845533370972,-0.34240004420280457,-0.0010787248611450195,-0.15106201171875,-0.01217186450958252,-0.15846198797225952,-0.026023924350738525,-0.12001633644104004,-0.03159916400909424,-0.09442555904388428,0.02062511444091797,-0.11794388294219971,0.0028352737426757812,-0.11784321069717407,-0.016559302806854248,-0.08843880891799927,-0.02715766429901123,-0.06846266984939575
one_finger_circle,-0.027594923973083496,0.007956385612487793,-0.061023831367492676,-0.027037858963012695,-0.07265084981918335,-0.08318787813186646,-0.04778188467025757,-0.12669235467910767,-0.01936894655227661,-0.14929288625717163,-0.06789350509643555,-0.1726076602935791,-0.06991928815841675,-0.24530839920043945,-0.0696830153465271,-0.2909466624259949,-0.06953150033950806,-0.33000802993774414,-0.037351787090301514,-0.17069321870803833,-0.040978312492370605,-0.2532012462615967,-0.043369829654693604,-0.30206483602523804,-0.043979525566101074,-0.34317463636398315,-0.008695781230926514,-0.14887243509292603,-0.016345739364624023,-0.16406041383743286,-0.03008139133453369,-0.12351393699645996,-0.03674125671386719,-0.09811121225357056,0.012645959854125977,-0.11571019887924194,-0.000907599925994873,-0.12305927276611328,-0.0205308198928833,-0.0906866192817688,-0.03260493278503418,-0.06924968957901001
one_finger_circle,-0.02796328067779541,0.008631110191345215,-0.06205552816390991,-0.026759684085845947,-0.07558292150497437,-0.08306390047073364,-0.052020370960235596,-0.12603908777236938,-0.02376854419708252,-0.14849066734313965,-0.06905931234359741,-0.17219966650009155,-0.07137954235076904,-0.24574273824691772,-0.07132166624069214,-0.2916822135448456,-0.07090896368026733,-0.3305515646934509,-0.038453757762908936,-0.1697283387184143,-0.04132932424545288,-0.25130119919776917,-0.04364454746246338,-0.30138933658599854,-0.04394596815109253,-0.34254521131515503,-0.009393513202667236,-0.14790165424346924,-0.01849687099456787,-0.16239696741104126,-0.03322029113769531,-0.1202690601348877,-0.040051817893981934,-0.09293395280838013,0.012745499610900879,-0.1147763729095459,-0.0013099312782287598,-0.12329638004302979,-0.021132469177246094,-0.09078431129455566,-0.03272891044616699,-0.06829637289047241
